MS46322A								
!12/11/2019.11:49:53.PM								
!CHANNEL.1								
!TR.MEASUREMENT								
!RF.CORRECTION: ONE.PORT.CAL.PORT[1]								
!AVERAGING.OFF								
!IF.BANDWIDTH: 1KHZ								
!NUMBER.OF.TRACES: 4								
!TRACE:       	TRACE.1           	TRACE.2           	TRACE.3           	TRACE.4           				
!PARAMETER:   	S11               	S12               	S21               	S22               				
!PORT:        	PORT1             	PORT2             	PORT1             	PORT2             				
!GRAPH:       	LOGMAG            	LOGMAG            	LOGMAG            	LOGMAG            				
!SMOOTHING:   	OFF               	OFF               	OFF               	OFF               				
!TIMEDOMAIN:  	NOT.INSTALLED     	NOT.INSTALLED     	NOT.INSTALLED     	NOT.INSTALLED     				
!SWEEPTYPE: FREQ.SWEEP(Linear)								
PNT	FREQ1.GHZ	LOGMAG1	FREQ2.GHZ	LOGMAG2	FREQ3.GHZ	LOGMAG3	FREQ4.GHZ	LOGMAG4
1	1	2.41E-01	1	-1.07E+02	1	-1.04E+02	1	1.33E-01
2	1.015	-3.20E-01	1.015	-1.00E+02	1.015	-1.05E+02	1.015	9.70E-02
3	1.03	-6.81E-01	1.03	-9.94E+01	1.03	-1.16E+02	1.03	9.41E-02
4	1.045	-1.20E+00	1.045	-9.68E+01	1.045	-1.14E+02	1.045	1.16E-01
5	1.06	-2.29E+00	1.06	-1.08E+02	1.06	-1.03E+02	1.06	1.56E-01
6	1.075	-2.01E+00	1.075	-1.06E+02	1.075	-1.05E+02	1.075	2.07E-01
7	1.09	-1.78E+00	1.09	-1.01E+02	1.09	-1.09E+02	1.09	2.68E-01
8	1.105	-1.30E+00	1.105	-1.03E+02	1.105	-1.13E+02	1.105	2.99E-01
9	1.12	-5.25E-01	1.12	-9.20E+01	1.12	-9.81E+01	1.12	3.34E-01
10	1.135	-5.76E-01	1.135	-1.03E+02	1.135	-1.07E+02	1.135	3.61E-01
11	1.15	-2.90E-01	1.15	-9.94E+01	1.15	-9.94E+01	1.15	3.56E-01
12	1.165	-2.83E-01	1.165	-9.44E+01	1.165	-1.06E+02	1.165	3.19E-01
13	1.18	-4.74E-01	1.18	-9.63E+01	1.18	-1.03E+02	1.18	2.65E-01
14	1.195	-6.51E-01	1.195	-9.63E+01	1.195	-1.02E+02	1.195	1.87E-01
15	1.21	-6.30E-01	1.21	-9.95E+01	1.21	-1.03E+02	1.21	8.89E-02
16	1.225	-1.45E+00	1.225	-1.06E+02	1.225	-1.00E+02	1.225	-2.24E-02
17	1.24	-1.97E+00	1.24	-9.93E+01	1.24	-1.07E+02	1.24	-1.55E-01
18	1.255	-1.35E+00	1.255	-9.03E+01	1.255	-9.11E+01	1.255	-2.65E-01
19	1.27	-1.24E+00	1.27	-9.31E+01	1.27	-9.27E+01	1.27	-3.64E-01
20	1.285	-6.89E-01	1.285	-9.21E+01	1.285	-9.59E+01	1.285	-4.67E-01
21	1.3	-1.00E+00	1.3	-8.70E+01	1.3	-9.19E+01	1.3	-5.64E-01
22	1.315	-5.59E-01	1.315	-8.65E+01	1.315	-8.99E+01	1.315	-6.57E-01
23	1.33	-2.96E-01	1.33	-8.39E+01	1.33	-8.77E+01	1.33	-8.03E-01
24	1.345	-2.06E-01	1.345	-8.41E+01	1.345	-8.65E+01	1.345	-8.16E-01
25	1.36	-3.49E-01	1.36	-8.97E+01	1.36	-9.13E+01	1.36	-7.98E-01
26	1.375	-9.66E-01	1.375	-9.50E+01	1.375	-9.94E+01	1.375	-8.05E-01
27	1.39	-1.10E+00	1.39	-1.02E+02	1.39	-9.86E+01	1.39	-8.04E-01
28	1.405	-1.54E+00	1.405	-9.67E+01	1.405	-1.01E+02	1.405	-7.97E-01
29	1.42	-1.71E+00	1.42	-9.91E+01	1.42	-1.01E+02	1.42	-7.95E-01
30	1.435	-2.26E+00	1.435	-1.06E+02	1.435	-1.05E+02	1.435	-7.88E-01
31	1.45	-1.91E+00	1.45	-9.73E+01	1.45	-1.28E+02	1.45	-7.91E-01
32	1.465	-9.98E-01	1.465	-9.76E+01	1.465	-1.02E+02	1.465	-7.84E-01
33	1.48	-5.49E-01	1.48	-9.79E+01	1.48	-1.09E+02	1.48	-7.81E-01
34	1.495	-3.61E-01	1.495	-1.03E+02	1.495	-1.02E+02	1.495	-7.80E-01
35	1.51	-3.19E-01	1.51	-1.03E+02	1.51	-9.96E+01	1.51	-7.67E-01
36	1.525	-2.67E-01	1.525	-9.65E+01	1.525	-9.97E+01	1.525	-7.46E-01
37	1.54	-3.52E-01	1.54	-1.06E+02	1.54	-1.11E+02	1.54	-7.14E-01
38	1.555	-7.69E-01	1.555	-1.02E+02	1.555	-1.06E+02	1.555	-6.70E-01
39	1.57	-8.31E-01	1.57	-1.02E+02	1.57	-1.05E+02	1.57	-6.12E-01
40	1.585	-1.19E+00	1.585	-1.06E+02	1.585	-1.05E+02	1.585	-5.37E-01
41	1.6	-1.45E+00	1.6	-1.06E+02	1.6	-1.07E+02	1.6	-4.48E-01
42	1.615	-1.37E+00	1.615	-1.12E+02	1.615	-1.12E+02	1.615	-3.48E-01
43	1.63	-1.54E+00	1.63	-1.03E+02	1.63	-1.04E+02	1.63	-2.37E-01
44	1.645	-6.45E-01	1.645	-1.01E+02	1.645	-1.01E+02	1.645	-1.21E-01
45	1.66	-4.66E-01	1.66	-1.00E+02	1.66	-1.02E+02	1.66	5.82E-04
46	1.675	-5.73E-01	1.675	-9.73E+01	1.675	-1.11E+02	1.675	1.16E-01
47	1.69	-3.45E-01	1.69	-9.67E+01	1.69	-1.11E+02	1.69	2.23E-01
48	1.705	-3.75E-01	1.705	-9.60E+01	1.705	-1.15E+02	1.705	3.11E-01
49	1.72	-3.34E-01	1.72	-9.57E+01	1.72	-9.76E+01	1.72	3.74E-01
50	1.735	-7.72E-01	1.735	-9.63E+01	1.735	-1.01E+02	1.735	3.99E-01
51	1.75	-9.07E-01	1.75	-9.78E+01	1.75	-1.04E+02	1.75	3.88E-01
52	1.765	-8.44E-01	1.765	-9.65E+01	1.765	-1.01E+02	1.765	3.33E-01
53	1.78	-1.43E+00	1.78	-1.02E+02	1.78	-1.12E+02	1.78	2.36E-01
54	1.795	-1.28E+00	1.795	-1.07E+02	1.795	-1.03E+02	1.795	9.82E-02
55	1.81	-1.03E+00	1.81	-1.02E+02	1.81	-1.01E+02	1.81	-7.21E-02
56	1.825	-9.38E-01	1.825	-1.01E+02	1.825	-1.02E+02	1.825	-2.59E-01
57	1.84	-5.76E-01	1.84	-1.18E+02	1.84	-1.01E+02	1.84	-4.51E-01
58	1.855	-2.41E-01	1.855	-1.15E+02	1.855	-1.03E+02	1.855	-6.36E-01
59	1.87	-3.03E-01	1.87	-1.07E+02	1.87	-1.03E+02	1.87	-8.03E-01
60	1.885	-1.50E-01	1.885	-1.02E+02	1.885	-9.87E+01	1.885	-9.39E-01
61	1.9	-6.30E-02	1.9	-1.02E+02	1.9	-1.21E+02	1.9	-1.04E+00
62	1.915	-2.33E-01	1.915	-9.62E+01	1.915	-9.74E+01	1.915	-1.10E+00
63	1.93	-5.43E-01	1.93	-9.76E+01	1.93	-1.00E+02	1.93	-1.11E+00
64	1.945	-7.36E-01	1.945	-9.99E+01	1.945	-1.06E+02	1.945	-1.09E+00
65	1.96	-8.82E-01	1.96	-1.02E+02	1.96	-1.04E+02	1.96	-1.02E+00
66	1.975	-8.40E-01	1.975	-1.02E+02	1.975	-1.02E+02	1.975	-9.15E-01
67	1.99	-1.11E+00	1.99	-1.06E+02	1.99	-1.07E+02	1.99	-7.90E-01
68	2.005	-1.03E+00	2.005	-1.00E+02	2.005	-1.14E+02	2.005	-6.36E-01
69	2.02	-7.24E-01	2.02	-1.05E+02	2.02	-1.04E+02	2.02	-4.82E-01
70	2.035	-4.15E-01	2.035	-1.02E+02	2.035	-1.06E+02	2.035	-3.36E-01
71	2.05	-4.67E-01	2.05	-1.04E+02	2.05	-1.07E+02	2.05	-2.09E-01
72	2.065	-1.68E-01	2.065	-1.02E+02	2.065	-9.91E+01	2.065	-1.11E-01
73	2.08	-2.73E-01	2.08	-9.64E+01	2.08	-1.05E+02	2.08	-6.42E-02
74	2.095	-3.70E-01	2.095	-1.06E+02	2.095	-1.01E+02	2.095	-6.72E-02
75	2.11	-5.48E-01	2.11	-9.96E+01	2.11	-9.54E+01	2.11	-1.40E-01
76	2.125	-8.51E-01	2.125	-9.78E+01	2.125	-1.08E+02	2.125	-2.82E-01
77	2.14	-8.78E-01	2.14	-1.07E+02	2.14	-9.67E+01	2.14	-4.85E-01
78	2.155	-8.76E-01	2.155	-1.10E+02	2.155	-1.01E+02	2.155	-7.46E-01
79	2.17	-6.00E-01	2.17	-1.01E+02	2.17	-1.04E+02	2.17	-1.05E+00
80	2.185	-7.18E-01	2.185	-1.01E+02	2.185	-1.01E+02	2.185	-1.37E+00
81	2.2	-6.87E-01	2.2	-9.89E+01	2.2	-9.92E+01	2.2	-1.69E+00
82	2.215	-2.21E-01	2.215	-9.41E+01	2.215	-9.85E+01	2.215	-2.00E+00
83	2.23	-4.91E-01	2.23	-9.55E+01	2.23	-1.01E+02	2.23	-2.26E+00
84	2.245	-4.31E-01	2.245	-9.20E+01	2.245	-1.05E+02	2.245	-2.47E+00
85	2.26	-4.65E-01	2.26	-9.79E+01	2.26	-9.34E+01	2.26	-2.61E+00
86	2.275	-4.92E-01	2.275	-9.70E+01	2.275	-9.76E+01	2.275	-2.66E+00
87	2.29	-6.20E-01	2.29	-9.93E+01	2.29	-9.79E+01	2.29	-2.63E+00
88	2.305	-6.00E-01	2.305	-9.94E+01	2.305	-9.67E+01	2.305	-2.52E+00
89	2.32	-8.59E-01	2.32	-9.66E+01	2.32	-9.75E+01	2.32	-2.33E+00
90	2.335	-1.08E+00	2.335	-9.66E+01	2.335	-9.94E+01	2.335	-2.08E+00
91	2.35	-1.02E+00	2.35	-9.64E+01	2.35	-9.46E+01	2.35	-1.78E+00
92	2.365	-6.35E-01	2.365	-1.02E+02	2.365	-9.52E+01	2.365	-1.46E+00
93	2.38	-5.38E-01	2.38	-1.02E+02	2.38	-9.43E+01	2.38	-1.15E+00
94	2.395	-5.22E-01	2.395	-9.80E+01	2.395	-9.45E+01	2.395	-8.54E-01
95	2.41	-4.52E-01	2.41	-1.01E+02	2.41	-9.32E+01	2.41	-6.12E-01
96	2.425	-3.30E-01	2.425	-9.75E+01	2.425	-9.10E+01	2.425	-4.37E-01
97	2.44	-5.99E-01	2.44	-9.86E+01	2.44	-8.96E+01	2.44	-3.41E-01
98	2.455	-3.35E-01	2.455	-1.01E+02	2.455	-9.19E+01	2.455	-3.36E-01
99	2.47	-8.05E-01	2.47	-9.95E+01	2.47	-9.14E+01	2.47	-4.15E-01
100	2.485	-8.69E-01	2.485	-9.82E+01	2.485	-9.18E+01	2.485	-5.69E-01
101	2.5	-1.05E+00	2.5	-9.82E+01	2.5	-9.18E+01	2.5	-7.78E-01
102	2.515	-1.21E+00	2.515	-1.08E+02	2.515	-9.32E+01	2.515	-1.03E+00
103	2.53	-1.06E+00	2.53	-9.91E+01	2.53	-9.27E+01	2.53	-1.30E+00
104	2.545	-1.07E+00	2.545	-1.01E+02	2.545	-9.16E+01	2.545	-1.57E+00
105	2.56	-9.67E-01	2.56	-9.55E+01	2.56	-9.52E+01	2.56	-1.83E+00
106	2.575	-8.60E-01	2.575	-9.74E+01	2.575	-9.62E+01	2.575	-2.06E+00
107	2.59	-8.46E-01	2.59	-9.62E+01	2.59	-1.01E+02	2.59	-2.24E+00
108	2.605	-8.53E-01	2.605	-1.09E+02	2.605	-9.84E+01	2.605	-2.38E+00
109	2.62	-9.62E-01	2.62	-9.46E+01	2.62	-9.29E+01	2.62	-2.45E+00
110	2.635	-1.17E+00	2.635	-9.75E+01	2.635	-9.61E+01	2.635	-2.46E+00
111	2.65	-1.71E+00	2.65	-9.31E+01	2.65	-9.37E+01	2.65	-2.39E+00
112	2.665	-2.16E+00	2.665	-9.35E+01	2.665	-9.48E+01	2.665	-2.25E+00
113	2.68	-2.68E+00	2.68	-9.31E+01	2.68	-9.15E+01	2.68	-2.05E+00
114	2.695	-3.38E+00	2.695	-9.20E+01	2.695	-9.32E+01	2.695	-1.79E+00
115	2.71	-4.16E+00	2.71	-9.37E+01	2.71	-8.84E+01	2.71	-1.50E+00
116	2.725	-5.67E+00	2.725	-9.31E+01	2.725	-8.70E+01	2.725	-1.20E+00
117	2.74	-8.49E+00	2.74	-9.53E+01	2.74	-8.48E+01	2.74	-9.01E-01
118	2.755	-1.40E+01	2.755	-9.96E+01	2.755	-8.51E+01	2.755	-6.32E-01
119	2.77	-3.18E+01	2.77	-1.06E+02	2.77	-8.39E+01	2.77	-4.15E-01
120	2.785	-1.19E+01	2.785	-9.86E+01	2.785	-8.60E+01	2.785	-2.64E-01
121	2.8	-7.22E+00	2.8	-9.41E+01	2.8	-8.75E+01	2.8	-1.94E-01
122	2.815	-4.51E+00	2.815	-9.57E+01	2.815	-8.64E+01	2.815	-2.03E-01
123	2.83	-3.27E+00	2.83	-9.21E+01	2.83	-8.45E+01	2.83	-2.80E-01
124	2.845	-2.44E+00	2.845	-8.93E+01	2.845	-8.37E+01	2.845	-4.19E-01
125	2.86	-2.12E+00	2.86	-8.92E+01	2.86	-8.50E+01	2.86	-6.02E-01
126	2.875	-1.84E+00	2.875	-9.22E+01	2.875	-8.58E+01	2.875	-8.20E-01
127	2.89	-1.58E+00	2.89	-9.54E+01	2.89	-9.69E+01	2.89	-1.06E+00
128	2.905	-1.65E+00	2.905	-9.40E+01	2.905	-9.68E+01	2.905	-1.30E+00
129	2.92	-1.50E+00	2.92	-9.56E+01	2.92	-1.00E+02	2.92	-1.55E+00
130	2.935	-1.26E+00	2.935	-9.31E+01	2.935	-9.79E+01	2.935	-1.78E+00
131	2.95	-1.08E+00	2.95	-9.22E+01	2.95	-9.78E+01	2.95	-2.01E+00
132	2.965	-8.62E-01	2.965	-9.35E+01	2.965	-9.95E+01	2.965	-2.21E+00
133	2.98	-6.96E-01	2.98	-9.63E+01	2.98	-9.98E+01	2.98	-2.38E+00
134	2.995	-6.11E-01	2.995	-9.48E+01	2.995	-9.86E+01	2.995	-2.51E+00
135	3.01	-6.05E-01	3.01	-1.02E+02	3.01	-9.25E+01	3.01	-2.59E+00
136	3.025	-7.35E-01	3.025	-1.04E+02	3.025	-9.97E+01	3.025	-2.62E+00
137	3.04	-7.73E-01	3.04	-1.06E+02	3.04	-9.90E+01	3.04	-2.60E+00
138	3.055	-9.21E-01	3.055	-1.04E+02	3.055	-9.38E+01	3.055	-2.53E+00
139	3.07	-1.09E+00	3.07	-1.11E+02	3.07	-9.61E+01	3.07	-2.41E+00
140	3.085	-1.10E+00	3.085	-1.02E+02	3.085	-9.71E+01	3.085	-2.25E+00
141	3.1	-1.10E+00	3.1	-1.03E+02	3.1	-9.33E+01	3.1	-2.05E+00
142	3.115	-8.76E-01	3.115	-9.61E+01	3.115	-9.49E+01	3.115	-1.85E+00
143	3.13	-8.44E-01	3.13	-9.89E+01	3.13	-9.26E+01	3.13	-1.65E+00
144	3.145	-6.04E-01	3.145	-9.55E+01	3.145	-8.94E+01	3.145	-1.48E+00
145	3.16	-4.79E-01	3.16	-9.08E+01	3.16	-8.89E+01	3.16	-1.36E+00
146	3.175	-4.27E-01	3.175	-9.84E+01	3.175	-9.40E+01	3.175	-1.29E+00
147	3.19	-4.13E-01	3.19	-9.53E+01	3.19	-9.25E+01	3.19	-1.28E+00
148	3.205	-4.24E-01	3.205	-9.39E+01	3.205	-9.13E+01	3.205	-1.33E+00
149	3.22	-5.19E-01	3.22	-9.39E+01	3.22	-9.50E+01	3.22	-1.41E+00
150	3.235	-5.15E-01	3.235	-9.55E+01	3.235	-9.36E+01	3.235	-1.53E+00
151	3.25	-6.14E-01	3.25	-9.99E+01	3.25	-9.66E+01	3.25	-1.66E+00
152	3.265	-6.07E-01	3.265	-9.58E+01	3.265	-9.63E+01	3.265	-1.80E+00
153	3.28	-6.06E-01	3.28	-1.03E+02	3.28	-9.88E+01	3.28	-1.94E+00
154	3.295	-6.34E-01	3.295	-9.80E+01	3.295	-9.76E+01	3.295	-2.08E+00
155	3.31	-6.75E-01	3.31	-1.05E+02	3.31	-9.89E+01	3.31	-2.20E+00
156	3.325	-5.76E-01	3.325	-1.01E+02	3.325	-1.04E+02	3.325	-2.31E+00
157	3.34	-4.75E-01	3.34	-1.08E+02	3.34	-1.00E+02	3.34	-2.41E+00
158	3.355	-3.88E-01	3.355	-1.01E+02	3.355	-1.04E+02	3.355	-2.49E+00
159	3.37	-3.96E-01	3.37	-1.00E+02	3.37	-1.03E+02	3.37	-2.55E+00
160	3.385	-4.25E-01	3.385	-1.18E+02	3.385	-1.07E+02	3.385	-2.58E+00
161	3.4	-5.30E-01	3.4	-1.09E+02	3.4	-1.06E+02	3.4	-2.60E+00
162	3.415	-6.12E-01	3.415	-1.11E+02	3.415	-1.16E+02	3.415	-2.59E+00
163	3.43	-7.56E-01	3.43	-1.08E+02	3.43	-9.81E+01	3.43	-2.58E+00
164	3.445	-8.41E-01	3.445	-1.19E+02	3.445	-1.01E+02	3.445	-2.55E+00
165	3.46	-8.85E-01	3.46	-1.10E+02	3.46	-1.01E+02	3.46	-2.51E+00
166	3.475	-8.46E-01	3.475	-1.05E+02	3.475	-9.69E+01	3.475	-2.48E+00
167	3.49	-8.82E-01	3.49	-1.11E+02	3.49	-9.92E+01	3.49	-2.44E+00
168	3.505	-6.77E-01	3.505	-1.02E+02	3.505	-9.76E+01	3.505	-2.40E+00
169	3.52	-5.38E-01	3.52	-1.07E+02	3.52	-1.06E+02	3.52	-2.37E+00
170	3.535	-4.24E-01	3.535	-1.08E+02	3.535	-1.07E+02	3.535	-2.33E+00
171	3.55	-3.93E-01	3.55	-1.06E+02	3.55	-1.13E+02	3.55	-2.30E+00
172	3.565	-3.75E-01	3.565	-1.12E+02	3.565	-1.04E+02	3.565	-2.25E+00
173	3.58	-4.12E-01	3.58	-1.04E+02	3.58	-9.99E+01	3.58	-2.21E+00
174	3.595	-4.62E-01	3.595	-1.22E+02	3.595	-9.80E+01	3.595	-2.16E+00
175	3.61	-4.50E-01	3.61	-9.65E+01	3.61	-1.01E+02	3.61	-2.11E+00
176	3.625	-6.21E-01	3.625	-9.87E+01	3.625	-1.00E+02	3.625	-2.04E+00
177	3.64	-7.42E-01	3.64	-9.68E+01	3.64	-9.67E+01	3.64	-1.97E+00
178	3.655	-5.93E-01	3.655	-9.74E+01	3.655	-9.35E+01	3.655	-1.89E+00
179	3.67	-8.09E-01	3.67	-9.50E+01	3.67	-9.49E+01	3.67	-1.80E+00
180	3.685	-6.66E-01	3.685	-9.47E+01	3.685	-1.12E+02	3.685	-1.73E+00
181	3.7	-6.33E-01	3.7	-9.48E+01	3.7	-1.05E+02	3.7	-1.65E+00
182	3.715	-4.44E-01	3.715	-9.33E+01	3.715	-1.02E+02	3.715	-1.60E+00
183	3.73	-3.99E-01	3.73	-9.64E+01	3.73	-9.80E+01	3.73	-1.57E+00
184	3.745	-3.65E-01	3.745	-9.00E+01	3.745	-9.81E+01	3.745	-1.57E+00
185	3.76	-4.91E-01	3.76	-9.13E+01	3.76	-1.01E+02	3.76	-1.61E+00
186	3.775	-5.35E-01	3.775	-9.15E+01	3.775	-1.13E+02	3.775	-1.70E+00
187	3.79	-7.49E-01	3.79	-9.32E+01	3.79	-1.01E+02	3.79	-1.82E+00
188	3.805	-8.16E-01	3.805	-9.43E+01	3.805	-9.91E+01	3.805	-2.00E+00
189	3.82	-9.09E-01	3.82	-9.46E+01	3.82	-1.11E+02	3.82	-2.21E+00
190	3.835	-1.02E+00	3.835	-9.37E+01	3.835	-1.04E+02	3.835	-2.46E+00
191	3.85	-9.84E-01	3.85	-9.78E+01	3.85	-9.76E+01	3.85	-2.71E+00
192	3.865	-8.74E-01	3.865	-9.54E+01	3.865	-9.58E+01	3.865	-2.96E+00
193	3.88	-6.97E-01	3.88	-9.38E+01	3.88	-9.68E+01	3.88	-3.18E+00
194	3.895	-5.25E-01	3.895	-9.67E+01	3.895	-9.59E+01	3.895	-3.36E+00
195	3.91	-4.74E-01	3.91	-1.02E+02	3.91	-9.61E+01	3.91	-3.48E+00
196	3.925	-4.69E-01	3.925	-9.41E+01	3.925	-1.02E+02	3.925	-3.53E+00
197	3.94	-4.98E-01	3.94	-9.52E+01	3.94	-9.61E+01	3.94	-3.52E+00
198	3.955	-5.50E-01	3.955	-9.18E+01	3.955	-9.39E+01	3.955	-3.43E+00
199	3.97	-6.15E-01	3.97	-9.37E+01	3.97	-9.59E+01	3.97	-3.29E+00
200	3.985	-7.24E-01	3.985	-9.98E+01	3.985	-9.82E+01	3.985	-3.09E+00
201	4	-7.03E-01	4	-1.02E+02	4	-9.88E+01	4	-2.85E+00
202	4.015	-7.92E-01	4.015	-1.02E+02	4.015	-1.00E+02	4.015	-2.59E+00
203	4.03	-6.72E-01	4.03	-1.02E+02	4.03	-1.02E+02	4.03	-2.29E+00
204	4.045	-6.71E-01	4.045	-9.75E+01	4.045	-9.96E+01	4.045	-2.00E+00
205	4.06	-6.49E-01	4.06	-9.69E+01	4.06	-1.02E+02	4.06	-1.71E+00
206	4.075	-5.63E-01	4.075	-9.74E+01	4.075	-1.05E+02	4.075	-1.46E+00
207	4.09	-5.60E-01	4.09	-1.01E+02	4.09	-1.03E+02	4.09	-1.25E+00
208	4.105	-4.60E-01	4.105	-9.83E+01	4.105	-9.92E+01	4.105	-1.13E+00
209	4.12	-4.66E-01	4.12	-9.77E+01	4.12	-1.02E+02	4.12	-1.09E+00
210	4.135	-5.29E-01	4.135	-9.75E+01	4.135	-1.08E+02	4.135	-1.18E+00
211	4.15	-5.46E-01	4.15	-1.01E+02	4.15	-1.02E+02	4.15	-1.41E+00
212	4.165	-5.99E-01	4.165	-1.03E+02	4.165	-1.07E+02	4.165	-1.75E+00
213	4.18	-7.35E-01	4.18	-1.06E+02	4.18	-1.06E+02	4.18	-2.22E+00
214	4.195	-7.65E-01	4.195	-1.00E+02	4.195	-1.17E+02	4.195	-2.76E+00
215	4.21	-8.03E-01	4.21	-1.04E+02	4.21	-1.05E+02	4.21	-3.35E+00
216	4.225	-7.86E-01	4.225	-1.05E+02	4.225	-1.13E+02	4.225	-3.95E+00
217	4.24	-7.29E-01	4.24	-1.06E+02	4.24	-1.21E+02	4.24	-4.51E+00
218	4.255	-6.89E-01	4.255	-1.07E+02	4.255	-1.31E+02	4.255	-5.00E+00
219	4.27	-6.26E-01	4.27	-1.07E+02	4.27	-1.02E+02	4.27	-5.37E+00
220	4.285	-6.23E-01	4.285	-1.09E+02	4.285	-1.09E+02	4.285	-5.60E+00
221	4.3	-5.65E-01	4.3	-1.04E+02	4.3	-1.04E+02	4.3	-5.67E+00
222	4.315	-6.07E-01	4.315	-1.05E+02	4.315	-1.07E+02	4.315	-5.59E+00
223	4.33	-6.34E-01	4.33	-1.02E+02	4.33	-1.14E+02	4.33	-5.35E+00
224	4.345	-7.94E-01	4.345	-1.00E+02	4.345	-1.05E+02	4.345	-4.99E+00
225	4.36	-8.06E-01	4.36	-9.91E+01	4.36	-1.01E+02	4.36	-4.52E+00
226	4.375	-8.47E-01	4.375	-9.70E+01	4.375	-1.02E+02	4.375	-3.99E+00
227	4.39	-8.90E-01	4.39	-9.61E+01	4.39	-1.00E+02	4.39	-3.42E+00
228	4.405	-8.20E-01	4.405	-9.42E+01	4.405	-9.35E+01	4.405	-2.81E+00
229	4.42	-7.77E-01	4.42	-9.73E+01	4.42	-9.22E+01	4.42	-2.27E+00
230	4.435	-7.12E-01	4.435	-9.74E+01	4.435	-9.10E+01	4.435	-1.82E+00
231	4.45	-7.14E-01	4.45	-9.69E+01	4.45	-9.04E+01	4.45	-1.48E+00
232	4.465	-6.32E-01	4.465	-1.10E+02	4.465	-8.95E+01	4.465	-1.31E+00
233	4.48	-5.88E-01	4.48	-8.74E+01	4.48	-9.58E+01	4.48	-1.32E+00
234	4.495	-6.08E-01	4.495	-8.55E+01	4.495	-9.73E+01	4.495	-1.51E+00
235	4.51	-6.57E-01	4.51	-8.61E+01	4.51	-9.15E+01	4.51	-1.85E+00
236	4.525	-7.06E-01	4.525	-8.71E+01	4.525	-9.25E+01	4.525	-2.31E+00
237	4.54	-6.82E-01	4.54	-9.00E+01	4.54	-9.62E+01	4.54	-2.85E+00
238	4.555	-7.57E-01	4.555	-9.18E+01	4.555	-9.53E+01	4.555	-3.42E+00
239	4.57	-7.35E-01	4.57	-9.25E+01	4.57	-1.04E+02	4.57	-3.99E+00
240	4.585	-8.07E-01	4.585	-9.36E+01	4.585	-1.02E+02	4.585	-4.54E+00
241	4.6	-8.48E-01	4.6	-9.49E+01	4.6	-1.07E+02	4.6	-5.04E+00
242	4.615	-8.46E-01	4.615	-9.50E+01	4.615	-1.15E+02	4.615	-5.49E+00
243	4.63	-8.04E-01	4.63	-9.29E+01	4.63	-1.06E+02	4.63	-5.83E+00
244	4.645	-8.00E-01	4.645	-9.26E+01	4.645	-1.02E+02	4.645	-6.07E+00
245	4.66	-7.26E-01	4.66	-9.82E+01	4.66	-9.78E+01	4.66	-6.18E+00
246	4.675	-7.23E-01	4.675	-9.71E+01	4.675	-1.02E+02	4.675	-6.17E+00
247	4.69	-7.51E-01	4.69	-9.73E+01	4.69	-1.01E+02	4.69	-6.02E+00
248	4.705	-9.05E-01	4.705	-9.83E+01	4.705	-9.92E+01	4.705	-5.74E+00
249	4.72	-8.43E-01	4.72	-1.03E+02	4.72	-1.01E+02	4.72	-5.35E+00
250	4.735	-9.35E-01	4.735	-1.01E+02	4.735	-9.62E+01	4.735	-4.85E+00
251	4.75	-1.03E+00	4.75	-1.02E+02	4.75	-9.82E+01	4.75	-4.27E+00
252	4.765	-1.06E+00	4.765	-1.08E+02	4.765	-9.32E+01	4.765	-3.65E+00
253	4.78	-1.02E+00	4.78	-1.02E+02	4.78	-9.14E+01	4.78	-3.01E+00
254	4.795	-9.39E-01	4.795	-9.71E+01	4.795	-9.12E+01	4.795	-2.41E+00
255	4.81	-9.36E-01	4.81	-9.48E+01	4.81	-9.33E+01	4.81	-1.88E+00
256	4.825	-8.88E-01	4.825	-9.24E+01	4.825	-9.25E+01	4.825	-1.48E+00
257	4.84	-8.55E-01	4.84	-9.12E+01	4.84	-9.39E+01	4.84	-1.25E+00
258	4.855	-8.43E-01	4.855	-1.03E+02	4.855	-9.51E+01	4.855	-1.22E+00
259	4.87	-8.31E-01	4.87	-1.01E+02	4.87	-9.44E+01	4.87	-1.38E+00
260	4.885	-8.31E-01	4.885	-1.15E+02	4.885	-9.24E+01	4.885	-1.70E+00
261	4.9	-8.38E-01	4.9	-1.08E+02	4.9	-9.14E+01	4.9	-2.14E+00
262	4.915	-8.98E-01	4.915	-1.02E+02	4.915	-9.16E+01	4.915	-2.66E+00
263	4.93	-9.06E-01	4.93	-1.04E+02	4.93	-9.31E+01	4.93	-3.23E+00
264	4.945	-1.03E+00	4.945	-1.06E+02	4.945	-9.38E+01	4.945	-3.80E+00
265	4.96	-1.00E+00	4.96	-1.01E+02	4.96	-9.19E+01	4.96	-4.37E+00
266	4.975	-1.09E+00	4.975	-9.91E+01	4.975	-9.08E+01	4.975	-4.90E+00
267	4.99	-1.08E+00	4.99	-1.01E+02	4.99	-9.25E+01	4.99	-5.39E+00
268	5.005	-1.09E+00	5.005	-9.98E+01	5.005	-8.98E+01	5.005	-5.82E+00
269	5.02	-1.05E+00	5.02	-9.60E+01	5.02	-8.71E+01	5.02	-6.18E+00
270	5.035	-1.01E+00	5.035	-1.01E+02	5.035	-8.69E+01	5.035	-6.43E+00
271	5.05	-1.00E+00	5.05	-1.03E+02	5.05	-8.77E+01	5.05	-6.57E+00
272	5.065	-1.03E+00	5.065	-1.12E+02	5.065	-8.76E+01	5.065	-6.58E+00
273	5.08	-1.13E+00	5.08	-1.02E+02	5.08	-8.78E+01	5.08	-6.45E+00
274	5.095	-1.23E+00	5.095	-1.08E+02	5.095	-8.64E+01	5.095	-6.18E+00
275	5.11	-1.21E+00	5.11	-1.08E+02	5.11	-8.76E+01	5.11	-5.79E+00
276	5.125	-1.41E+00	5.125	-1.03E+02	5.125	-8.68E+01	5.125	-5.29E+00
277	5.14	-1.41E+00	5.14	-1.02E+02	5.14	-8.63E+01	5.14	-4.75E+00
278	5.155	-1.42E+00	5.155	-9.56E+01	5.155	-8.60E+01	5.155	-4.19E+00
279	5.17	-1.39E+00	5.17	-9.72E+01	5.17	-8.58E+01	5.17	-3.69E+00
280	5.185	-1.37E+00	5.185	-9.91E+01	5.185	-8.60E+01	5.185	-3.27E+00
281	5.2	-1.34E+00	5.2	-9.27E+01	5.2	-8.64E+01	5.2	-2.98E+00
282	5.215	-1.35E+00	5.215	-9.79E+01	5.215	-8.77E+01	5.215	-2.84E+00
283	5.23	-1.36E+00	5.23	-1.00E+02	5.23	-8.70E+01	5.23	-2.84E+00
284	5.245	-1.41E+00	5.245	-9.73E+01	5.245	-8.64E+01	5.245	-2.96E+00
285	5.26	-1.53E+00	5.26	-9.96E+01	5.26	-8.69E+01	5.26	-3.19E+00
286	5.275	-1.66E+00	5.275	-9.57E+01	5.275	-8.84E+01	5.275	-3.47E+00
287	5.29	-1.82E+00	5.29	-9.23E+01	5.29	-8.64E+01	5.29	-3.80E+00
288	5.305	-1.99E+00	5.305	-9.39E+01	5.305	-8.84E+01	5.305	-4.14E+00
289	5.32	-2.12E+00	5.32	-9.56E+01	5.32	-8.66E+01	5.32	-4.49E+00
290	5.335	-2.25E+00	5.335	-9.33E+01	5.335	-8.80E+01	5.335	-4.84E+00
291	5.35	-2.35E+00	5.35	-9.18E+01	5.35	-8.79E+01	5.35	-5.16E+00
292	5.365	-2.46E+00	5.365	-9.09E+01	5.365	-8.99E+01	5.365	-5.46E+00
293	5.38	-2.68E+00	5.38	-8.86E+01	5.38	-9.80E+01	5.38	-5.71E+00
294	5.395	-2.94E+00	5.395	-9.34E+01	5.395	-9.03E+01	5.395	-5.91E+00
295	5.41	-3.31E+00	5.41	-9.39E+01	5.41	-9.22E+01	5.41	-6.05E+00
296	5.425	-3.84E+00	5.425	-9.62E+01	5.425	-8.95E+01	5.425	-6.12E+00
297	5.44	-4.57E+00	5.44	-1.04E+02	5.44	-8.62E+01	5.44	-6.10E+00
298	5.455	-5.53E+00	5.455	-9.61E+01	5.455	-8.43E+01	5.455	-6.00E+00
299	5.47	-6.83E+00	5.47	-1.01E+02	5.47	-8.37E+01	5.47	-5.81E+00
300	5.485	-8.59E+00	5.485	-1.03E+02	5.485	-8.14E+01	5.485	-5.54E+00
301	5.5	-1.08E+01	5.5	-9.47E+01	5.5	-8.22E+01	5.5	-5.22E+00
302	5.515	-1.39E+01	5.515	-8.99E+01	5.515	-8.24E+01	5.515	-4.88E+00
303	5.53	-1.79E+01	5.53	-8.90E+01	5.53	-8.59E+01	5.53	-4.55E+00
304	5.545	-2.02E+01	5.545	-8.41E+01	5.545	-8.46E+01	5.545	-4.25E+00
305	5.56	-1.72E+01	5.56	-8.13E+01	5.56	-8.75E+01	5.56	-4.01E+00
306	5.575	-1.37E+01	5.575	-7.95E+01	5.575	-8.75E+01	5.575	-3.86E+00
307	5.59	-1.11E+01	5.59	-7.65E+01	5.59	-7.92E+01	5.59	-3.79E+00
308	5.605	-9.35E+00	5.605	-7.68E+01	5.605	-7.60E+01	5.605	-3.78E+00
309	5.62	-8.04E+00	5.62	-7.76E+01	5.62	-7.55E+01	5.62	-3.84E+00
310	5.635	-7.08E+00	5.635	-7.74E+01	5.635	-7.59E+01	5.635	-3.94E+00
311	5.65	-6.47E+00	5.65	-8.50E+01	5.65	-8.41E+01	5.65	-4.03E+00
312	5.665	-5.98E+00	5.665	-7.97E+01	5.665	-8.07E+01	5.665	-4.10E+00
313	5.68	-5.65E+00	5.68	-7.98E+01	5.68	-8.25E+01	5.68	-4.12E+00
314	5.695	-5.40E+00	5.695	-7.95E+01	5.695	-8.09E+01	5.695	-4.12E+00
315	5.71	-5.21E+00	5.71	-7.88E+01	5.71	-7.84E+01	5.71	-4.13E+00
316	5.725	-4.81E+00	5.725	-7.90E+01	5.725	-7.76E+01	5.725	-4.17E+00
317	5.74	-4.57E+00	5.74	-7.83E+01	5.74	-7.72E+01	5.74	-4.22E+00
318	5.755	-4.35E+00	5.755	-7.80E+01	5.755	-7.76E+01	5.755	-4.30E+00
319	5.77	-4.14E+00	5.77	-7.93E+01	5.77	-8.02E+01	5.77	-4.39E+00
320	5.785	-3.96E+00	5.785	-8.66E+01	5.785	-8.90E+01	5.785	-4.50E+00
321	5.8	-3.87E+00	5.8	-9.13E+01	5.8	-9.62E+01	5.8	-4.63E+00
322	5.815	-3.84E+00	5.815	-9.08E+01	5.815	-1.06E+02	5.815	-4.76E+00
323	5.83	-3.86E+00	5.83	-9.33E+01	5.83	-9.90E+01	5.83	-4.91E+00
324	5.845	-3.86E+00	5.845	-9.23E+01	5.845	-9.22E+01	5.845	-5.04E+00
325	5.86	-3.81E+00	5.86	-9.32E+01	5.86	-8.77E+01	5.86	-5.17E+00
326	5.875	-3.85E+00	5.875	-8.90E+01	5.875	-8.58E+01	5.875	-5.27E+00
327	5.89	-3.81E+00	5.89	-9.00E+01	5.89	-8.40E+01	5.89	-5.33E+00
328	5.905	-3.69E+00	5.905	-9.06E+01	5.905	-8.26E+01	5.905	-5.35E+00
329	5.92	-3.57E+00	5.92	-9.01E+01	5.92	-8.35E+01	5.92	-5.34E+00
330	5.935	-3.45E+00	5.935	-8.42E+01	5.935	-8.10E+01	5.935	-5.28E+00
331	5.95	-3.36E+00	5.95	-8.59E+01	5.95	-8.61E+01	5.95	-5.20E+00
332	5.965	-3.30E+00	5.965	-8.81E+01	5.965	-8.83E+01	5.965	-5.09E+00
333	5.98	-3.18E+00	5.98	-8.87E+01	5.98	-9.53E+01	5.98	-4.97E+00
334	5.995	-3.22E+00	5.995	-9.18E+01	5.995	-9.62E+01	5.995	-4.84E+00
335	6.01	-3.32E+00	6.01	-8.98E+01	6.01	-9.44E+01	6.01	-4.71E+00
336	6.025	-3.42E+00	6.025	-9.41E+01	6.025	-9.02E+01	6.025	-4.56E+00
337	6.04	-3.46E+00	6.04	-9.49E+01	6.04	-8.87E+01	6.04	-4.43E+00
338	6.055	-3.56E+00	6.055	-9.25E+01	6.055	-9.41E+01	6.055	-4.29E+00
339	6.07	-3.41E+00	6.07	-9.44E+01	6.07	-1.01E+02	6.07	-4.18E+00
340	6.085	-3.21E+00	6.085	-9.25E+01	6.085	-1.04E+02	6.085	-4.09E+00
341	6.1	-3.07E+00	6.1	-9.34E+01	6.1	-9.12E+01	6.1	-4.03E+00
342	6.115	-2.99E+00	6.115	-9.82E+01	6.115	-9.17E+01	6.115	-4.01E+00
343	6.13	-2.94E+00	6.13	-9.56E+01	6.13	-9.39E+01	6.13	-4.05E+00
344	6.145	-2.89E+00	6.145	-1.03E+02	6.145	-1.01E+02	6.145	-4.17E+00
345	6.16	-2.94E+00	6.16	-9.79E+01	6.16	-1.05E+02	6.16	-4.36E+00
346	6.175	-2.98E+00	6.175	-9.72E+01	6.175	-1.04E+02	6.175	-4.63E+00
347	6.19	-2.91E+00	6.19	-9.85E+01	6.19	-9.68E+01	6.19	-4.96E+00
348	6.205	-3.00E+00	6.205	-9.87E+01	6.205	-9.19E+01	6.205	-5.35E+00
349	6.22	-2.92E+00	6.22	-9.77E+01	6.22	-9.19E+01	6.22	-5.76E+00
350	6.235	-2.80E+00	6.235	-1.11E+02	6.235	-9.56E+01	6.235	-6.16E+00
351	6.25	-2.71E+00	6.25	-9.79E+01	6.25	-9.50E+01	6.25	-6.52E+00
352	6.265	-2.59E+00	6.265	-9.43E+01	6.265	-9.10E+01	6.265	-6.80E+00
353	6.28	-2.50E+00	6.28	-9.20E+01	6.28	-9.78E+01	6.28	-6.99E+00
354	6.295	-2.42E+00	6.295	-9.38E+01	6.295	-9.30E+01	6.295	-7.08E+00
355	6.31	-2.38E+00	6.31	-9.80E+01	6.31	-9.15E+01	6.31	-7.07E+00
356	6.325	-2.40E+00	6.325	-9.77E+01	6.325	-9.19E+01	6.325	-6.96E+00
357	6.34	-2.41E+00	6.34	-1.04E+02	6.34	-9.18E+01	6.34	-6.78E+00
358	6.355	-2.46E+00	6.355	-1.01E+02	6.355	-9.18E+01	6.355	-6.53E+00
359	6.37	-2.40E+00	6.37	-9.93E+01	6.37	-9.64E+01	6.37	-6.24E+00
360	6.385	-2.39E+00	6.385	-1.01E+02	6.385	-1.04E+02	6.385	-5.90E+00
361	6.4	-2.33E+00	6.4	-1.02E+02	6.4	-1.00E+02	6.4	-5.54E+00
362	6.415	-2.25E+00	6.415	-1.05E+02	6.415	-1.10E+02	6.415	-5.15E+00
363	6.43	-2.16E+00	6.43	-1.02E+02	6.43	-9.54E+01	6.43	-4.77E+00
364	6.445	-2.10E+00	6.445	-1.14E+02	6.445	-9.34E+01	6.445	-4.38E+00
365	6.46	-1.99E+00	6.46	-1.00E+02	6.46	-9.65E+01	6.46	-4.00E+00
366	6.475	-1.95E+00	6.475	-9.85E+01	6.475	-9.68E+01	6.475	-3.67E+00
367	6.49	-1.93E+00	6.49	-9.90E+01	6.49	-9.54E+01	6.49	-3.41E+00
368	6.505	-1.98E+00	6.505	-1.00E+02	6.505	-9.18E+01	6.505	-3.24E+00
369	6.52	-2.05E+00	6.52	-9.43E+01	6.52	-9.08E+01	6.52	-3.21E+00
370	6.535	-2.11E+00	6.535	-9.56E+01	6.535	-9.04E+01	6.535	-3.35E+00
371	6.55	-2.13E+00	6.55	-9.48E+01	6.55	-8.88E+01	6.55	-3.68E+00
372	6.565	-2.08E+00	6.565	-9.50E+01	6.565	-8.68E+01	6.565	-4.18E+00
373	6.58	-1.96E+00	6.58	-9.71E+01	6.58	-8.64E+01	6.58	-4.82E+00
374	6.595	-1.91E+00	6.595	-1.05E+02	6.595	-8.75E+01	6.595	-5.55E+00
375	6.61	-1.85E+00	6.61	-1.01E+02	6.61	-8.87E+01	6.61	-6.30E+00
376	6.625	-1.79E+00	6.625	-9.33E+01	6.625	-9.09E+01	6.625	-6.99E+00
377	6.64	-1.75E+00	6.64	-9.48E+01	6.64	-9.16E+01	6.64	-7.58E+00
378	6.655	-1.76E+00	6.655	-1.05E+02	6.655	-8.93E+01	6.655	-7.99E+00
379	6.67	-1.75E+00	6.67	-1.13E+02	6.67	-9.16E+01	6.67	-8.20E+00
380	6.685	-1.75E+00	6.685	-1.11E+02	6.685	-9.27E+01	6.685	-8.21E+00
381	6.7	-1.90E+00	6.7	-1.09E+02	6.7	-9.72E+01	6.7	-8.05E+00
382	6.715	-1.86E+00	6.715	-1.07E+02	6.715	-9.46E+01	6.715	-7.75E+00
383	6.73	-1.87E+00	6.73	-9.70E+01	6.73	-9.30E+01	6.73	-7.37E+00
384	6.745	-1.95E+00	6.745	-9.56E+01	6.745	-9.23E+01	6.745	-6.92E+00
385	6.76	-1.93E+00	6.76	-9.83E+01	6.76	-9.01E+01	6.76	-6.46E+00
386	6.775	-1.89E+00	6.775	-9.62E+01	6.775	-8.90E+01	6.775	-6.00E+00
387	6.79	-1.84E+00	6.79	-9.81E+01	6.79	-8.83E+01	6.79	-5.58E+00
388	6.805	-1.81E+00	6.805	-9.19E+01	6.805	-8.75E+01	6.805	-5.23E+00
389	6.82	-1.77E+00	6.82	-9.36E+01	6.82	-8.60E+01	6.82	-4.96E+00
390	6.835	-1.78E+00	6.835	-9.63E+01	6.835	-8.66E+01	6.835	-4.81E+00
391	6.85	-1.81E+00	6.85	-9.71E+01	6.85	-8.55E+01	6.85	-4.77E+00
392	6.865	-1.86E+00	6.865	-1.14E+02	6.865	-8.65E+01	6.865	-4.87E+00
393	6.88	-1.96E+00	6.88	-1.06E+02	6.88	-8.76E+01	6.88	-5.11E+00
394	6.895	-2.08E+00	6.895	-1.05E+02	6.895	-8.78E+01	6.895	-5.47E+00
395	6.91	-2.20E+00	6.91	-9.23E+01	6.91	-9.11E+01	6.91	-5.96E+00
396	6.925	-2.22E+00	6.925	-8.78E+01	6.925	-9.20E+01	6.925	-6.54E+00
397	6.94	-2.20E+00	6.94	-8.72E+01	6.94	-9.38E+01	6.94	-7.17E+00
398	6.955	-2.18E+00	6.955	-8.88E+01	6.955	-9.20E+01	6.955	-7.84E+00
399	6.97	-2.18E+00	6.97	-9.79E+01	6.97	-9.20E+01	6.97	-8.53E+00
400	6.985	-2.18E+00	6.985	-9.38E+01	6.985	-8.96E+01	6.985	-9.21E+00
401	7	-2.26E+00	7	-9.05E+01	7	-9.13E+01	7	-9.83E+00
