MS46322A
!12/11/2019.11:53:56.PM
!CHANNEL.1
!TR.MEASUREMENT
!RF.CORRECTION: ONE.PORT.CAL.PORT[1]
!AVERAGING.OFF
!IF.BANDWIDTH: 1KHZ
!NUMBER.OF.TRACES: 4
!TRACE:       	TRACE.1           	TRACE.2           	TRACE.3           	TRACE.4           
!PARAMETER:   	S11               	S12               	S21               	S22               
!PORT:        	PORT1             	PORT2             	PORT1             	PORT2             
!GRAPH:       	LOGMAG            	LOGMAG            	LOGMAG            	LOGMAG            
!SMOOTHING:   	OFF               	OFF               	OFF               	OFF               
!TIMEDOMAIN:  	NOT.INSTALLED     	NOT.INSTALLED     	NOT.INSTALLED     	NOT.INSTALLED     
!SWEEPTYPE: FREQ.SWEEP(Linear)
PNT	FREQ1.GHZ	LOGMAG1	FREQ2.GHZ	LOGMAG2	FREQ3.GHZ	LOGMAG3	FREQ4.GHZ	LOGMAG4
1	1.000000000	-6.302444E-001	1.000000000	-1.096514E+002	1.000000000	-1.101268E+002	1.000000000	1.315251E-001
2	1.015000000	-2.008426E+000	1.015000000	-1.048508E+002	1.015000000	-1.012855E+002	1.015000000	9.529591E-002
3	1.030000000	-3.251060E+000	1.030000000	-9.791917E+001	1.030000000	-1.027526E+002	1.030000000	9.254738E-002
4	1.045000000	-4.252053E+000	1.045000000	-1.034845E+002	1.045000000	-1.071893E+002	1.045000000	1.132566E-001
5	1.060000000	-5.412895E+000	1.060000000	-9.805531E+001	1.060000000	-1.012337E+002	1.060000000	1.527830E-001
6	1.075000000	-5.036259E+000	1.075000000	-1.038187E+002	1.075000000	-1.099917E+002	1.075000000	2.055962E-001
7	1.090000000	-3.327705E+000	1.090000000	-1.008868E+002	1.090000000	-1.091172E+002	1.090000000	2.667622E-001
8	1.105000000	-2.088521E+000	1.105000000	-9.613151E+001	1.105000000	-1.058788E+002	1.105000000	2.976307E-001
9	1.120000000	-1.081522E+000	1.120000000	-9.940674E+001	1.120000000	-9.773439E+001	1.120000000	3.321505E-001
10	1.135000000	-3.354111E-001	1.135000000	-1.091990E+002	1.135000000	-1.086650E+002	1.135000000	3.588654E-001
11	1.150000000	-1.980268E-001	1.150000000	-9.327103E+001	1.150000000	-9.511857E+001	1.150000000	3.547031E-001
12	1.165000000	-3.018743E-001	1.165000000	-9.448254E+001	1.165000000	-1.052496E+002	1.165000000	3.188852E-001
13	1.180000000	-6.260899E-001	1.180000000	-1.022164E+002	1.180000000	-1.002708E+002	1.180000000	2.643086E-001
14	1.195000000	-1.401202E+000	1.195000000	-9.967378E+001	1.195000000	-1.012846E+002	1.195000000	1.865226E-001
15	1.210000000	-1.639181E+000	1.210000000	-1.031021E+002	1.210000000	-1.098469E+002	1.210000000	8.814812E-002
16	1.225000000	-2.193667E+000	1.225000000	-1.042696E+002	1.225000000	-9.707245E+001	1.225000000	-2.294447E-002
17	1.240000000	-2.961022E+000	1.240000000	-9.557556E+001	1.240000000	-1.005939E+002	1.240000000	-1.548434E-001
18	1.255000000	-3.119154E+000	1.255000000	-9.005104E+001	1.255000000	-8.993484E+001	1.255000000	-2.653697E-001
19	1.270000000	-2.586548E+000	1.270000000	-9.256021E+001	1.270000000	-9.644944E+001	1.270000000	-3.642789E-001
20	1.285000000	-1.575037E+000	1.285000000	-9.490199E+001	1.285000000	-1.039382E+002	1.285000000	-4.666792E-001
21	1.300000000	-1.196292E+000	1.300000000	-9.082977E+001	1.300000000	-9.391434E+001	1.300000000	-5.649212E-001
22	1.315000000	-4.915234E-001	1.315000000	-8.878017E+001	1.315000000	-9.174490E+001	1.315000000	-6.589555E-001
23	1.330000000	-1.593949E-001	1.330000000	-8.201507E+001	1.330000000	-8.419002E+001	1.330000000	-8.031266E-001
24	1.345000000	-2.619020E-001	1.345000000	-8.368503E+001	1.345000000	-8.721177E+001	1.345000000	-8.181434E-001
25	1.360000000	-6.391426E-001	1.360000000	-9.145316E+001	1.360000000	-9.031837E+001	1.360000000	-8.002703E-001
26	1.375000000	-1.664498E+000	1.375000000	-9.374684E+001	1.375000000	-9.696690E+001	1.375000000	-8.077215E-001
27	1.390000000	-2.335048E+000	1.390000000	-9.559795E+001	1.390000000	-9.765459E+001	1.390000000	-8.070188E-001
28	1.405000000	-3.036463E+000	1.405000000	-9.413006E+001	1.405000000	-9.596124E+001	1.405000000	-8.000649E-001
29	1.420000000	-3.269367E+000	1.420000000	-1.011478E+002	1.420000000	-1.001277E+002	1.420000000	-7.978408E-001
30	1.435000000	-3.264734E+000	1.435000000	-9.814750E+001	1.435000000	-1.015336E+002	1.435000000	-7.913395E-001
31	1.450000000	-2.956724E+000	1.450000000	-9.718071E+001	1.450000000	-1.041767E+002	1.450000000	-7.940584E-001
32	1.465000000	-1.647817E+000	1.465000000	-9.878314E+001	1.465000000	-1.028135E+002	1.465000000	-7.873151E-001
33	1.480000000	-8.148154E-001	1.480000000	-9.653030E+001	1.480000000	-1.031699E+002	1.480000000	-7.845461E-001
34	1.495000000	-3.049420E-001	1.495000000	-9.817719E+001	1.495000000	-1.111082E+002	1.495000000	-7.832377E-001
35	1.510000000	-3.493654E-001	1.510000000	-9.966297E+001	1.510000000	-9.927602E+001	1.510000000	-7.708845E-001
36	1.525000000	-4.121716E-001	1.525000000	-1.022618E+002	1.525000000	-1.038876E+002	1.525000000	-7.490390E-001
37	1.540000000	-7.248774E-001	1.540000000	-9.939599E+001	1.540000000	-1.108088E+002	1.540000000	-7.161599E-001
38	1.555000000	-1.390535E+000	1.555000000	-1.015192E+002	1.555000000	-1.097171E+002	1.555000000	-6.723949E-001
39	1.570000000	-1.799243E+000	1.570000000	-9.810075E+001	1.570000000	-1.025594E+002	1.570000000	-6.129507E-001
40	1.585000000	-1.927588E+000	1.585000000	-1.026273E+002	1.585000000	-9.913853E+001	1.585000000	-5.381947E-001
41	1.600000000	-1.992368E+000	1.600000000	-1.024302E+002	1.600000000	-1.085257E+002	1.600000000	-4.488860E-001
42	1.615000000	-1.682922E+000	1.615000000	-1.131625E+002	1.615000000	-1.130286E+002	1.615000000	-3.493522E-001
43	1.630000000	-1.741665E+000	1.630000000	-1.009993E+002	1.630000000	-1.122198E+002	1.630000000	-2.376319E-001
44	1.645000000	-9.433067E-001	1.645000000	-1.052005E+002	1.645000000	-1.007578E+002	1.645000000	-1.210812E-001
45	1.660000000	-6.552423E-001	1.660000000	-9.715132E+001	1.660000000	-1.145364E+002	1.660000000	-8.703734E-004
46	1.675000000	-6.251810E-001	1.675000000	-9.990662E+001	1.675000000	-1.081926E+002	1.675000000	1.158897E-001
47	1.690000000	-4.248890E-001	1.690000000	-9.616787E+001	1.690000000	-1.062624E+002	1.690000000	2.219756E-001
48	1.705000000	-6.283724E-001	1.705000000	-9.442680E+001	1.705000000	-1.015766E+002	1.705000000	3.100727E-001
49	1.720000000	-8.722609E-001	1.720000000	-1.011196E+002	1.720000000	-1.060647E+002	1.720000000	3.724627E-001
50	1.735000000	-1.517804E+000	1.735000000	-1.013387E+002	1.735000000	-1.107594E+002	1.735000000	3.961876E-001
51	1.750000000	-1.804768E+000	1.750000000	-1.049929E+002	1.750000000	-1.053771E+002	1.750000000	3.870785E-001
52	1.765000000	-1.797648E+000	1.765000000	-9.671597E+001	1.765000000	-1.036954E+002	1.765000000	3.326896E-001
53	1.780000000	-2.528633E+000	1.780000000	-1.095955E+002	1.780000000	-1.008693E+002	1.780000000	2.358169E-001
54	1.795000000	-1.738982E+000	1.795000000	-1.101298E+002	1.795000000	-1.028553E+002	1.795000000	9.639535E-002
55	1.810000000	-1.652531E+000	1.810000000	-1.003711E+002	1.810000000	-1.086451E+002	1.810000000	-7.299548E-002
56	1.825000000	-1.289762E+000	1.825000000	-1.006799E+002	1.825000000	-1.008884E+002	1.825000000	-2.587094E-001
57	1.840000000	-8.520275E-001	1.840000000	-1.001299E+002	1.840000000	-9.465094E+001	1.840000000	-4.514745E-001
58	1.855000000	-4.343513E-001	1.855000000	-1.018811E+002	1.855000000	-1.012691E+002	1.855000000	-6.368187E-001
59	1.870000000	-4.995909E-001	1.870000000	-1.017781E+002	1.870000000	-1.018313E+002	1.870000000	-8.029693E-001
60	1.885000000	-4.483771E-001	1.885000000	-1.075772E+002	1.885000000	-1.045258E+002	1.885000000	-9.397689E-001
61	1.900000000	-5.058807E-001	1.900000000	-1.027724E+002	1.900000000	-9.960056E+001	1.900000000	-1.044783E+000
62	1.915000000	-7.211375E-001	1.915000000	-1.040758E+002	1.915000000	-1.070382E+002	1.915000000	-1.100965E+000
63	1.930000000	-1.255555E+000	1.930000000	-9.775562E+001	1.930000000	-1.008745E+002	1.930000000	-1.114696E+000
64	1.945000000	-1.732737E+000	1.945000000	-9.936452E+001	1.945000000	-1.005557E+002	1.945000000	-1.085001E+000
65	1.960000000	-1.806892E+000	1.960000000	-1.030402E+002	1.960000000	-1.004593E+002	1.960000000	-1.017073E+000
66	1.975000000	-1.467053E+000	1.975000000	-1.075675E+002	1.975000000	-9.938766E+001	1.975000000	-9.154480E-001
67	1.990000000	-1.623502E+000	1.990000000	-9.944736E+001	1.990000000	-1.082989E+002	1.990000000	-7.900547E-001
68	2.005000000	-1.245306E+000	2.005000000	-1.047441E+002	2.005000000	-1.049506E+002	2.005000000	-6.378788E-001
69	2.020000000	-9.281326E-001	2.020000000	-9.971656E+001	2.020000000	-1.047176E+002	2.020000000	-4.843684E-001
70	2.035000000	-7.095389E-001	2.035000000	-9.770316E+001	2.035000000	-1.017447E+002	2.035000000	-3.376855E-001
71	2.050000000	-8.235990E-001	2.050000000	-1.055247E+002	2.050000000	-1.055222E+002	2.050000000	-2.099440E-001
72	2.065000000	-9.282426E-001	2.065000000	-1.035596E+002	2.065000000	-1.043888E+002	2.065000000	-1.121130E-001
73	2.080000000	-1.255967E+000	2.080000000	-9.833495E+001	2.080000000	-9.687640E+001	2.080000000	-6.515936E-002
74	2.095000000	-1.481434E+000	2.095000000	-9.848107E+001	2.095000000	-9.436609E+001	2.095000000	-6.902331E-002
75	2.110000000	-1.738474E+000	2.110000000	-9.878883E+001	2.110000000	-9.731216E+001	2.110000000	-1.408641E-001
76	2.125000000	-2.107523E+000	2.125000000	-9.732143E+001	2.125000000	-9.930754E+001	2.125000000	-2.820213E-001
77	2.140000000	-2.273631E+000	2.140000000	-1.098903E+002	2.140000000	-1.033157E+002	2.140000000	-4.850176E-001
78	2.155000000	-2.190445E+000	2.155000000	-9.920982E+001	2.155000000	-1.130472E+002	2.155000000	-7.464275E-001
79	2.170000000	-1.837090E+000	2.170000000	-1.016493E+002	2.170000000	-1.065759E+002	2.170000000	-1.046666E+000
80	2.185000000	-1.476561E+000	2.185000000	-9.821788E+001	2.185000000	-1.035567E+002	2.185000000	-1.367037E+000
81	2.200000000	-1.233863E+000	2.200000000	-9.948478E+001	2.200000000	-9.631646E+001	2.200000000	-1.685750E+000
82	2.215000000	-1.085705E+000	2.215000000	-9.507420E+001	2.215000000	-9.803697E+001	2.215000000	-1.998295E+000
83	2.230000000	-1.080072E+000	2.230000000	-9.314708E+001	2.230000000	-9.897579E+001	2.230000000	-2.260081E+000
84	2.245000000	-1.341736E+000	2.245000000	-9.707451E+001	2.245000000	-9.284929E+001	2.245000000	-2.470213E+000
85	2.260000000	-1.464034E+000	2.260000000	-1.167055E+002	2.260000000	-9.310826E+001	2.260000000	-2.609380E+000
86	2.275000000	-2.157070E+000	2.275000000	-1.043921E+002	2.275000000	-9.312453E+001	2.275000000	-2.665859E+000
87	2.290000000	-2.416017E+000	2.290000000	-9.394656E+001	2.290000000	-9.759233E+001	2.290000000	-2.635034E+000
88	2.305000000	-2.776405E+000	2.305000000	-9.623727E+001	2.305000000	-9.570347E+001	2.305000000	-2.522334E+000
89	2.320000000	-2.832053E+000	2.320000000	-9.692603E+001	2.320000000	-9.662663E+001	2.320000000	-2.334866E+000
90	2.335000000	-2.615906E+000	2.335000000	-9.875641E+001	2.335000000	-9.657662E+001	2.335000000	-2.083019E+000
91	2.350000000	-2.269897E+000	2.350000000	-9.598100E+001	2.350000000	-9.842441E+001	2.350000000	-1.787552E+000
92	2.365000000	-1.925030E+000	2.365000000	-1.008875E+002	2.365000000	-9.618583E+001	2.365000000	-1.466774E+000
93	2.380000000	-1.848270E+000	2.380000000	-9.043365E+001	2.380000000	-1.081415E+002	2.380000000	-1.150041E+000
94	2.395000000	-1.854717E+000	2.395000000	-9.902365E+001	2.395000000	-9.005042E+001	2.395000000	-8.576303E-001
95	2.410000000	-1.751217E+000	2.410000000	-1.083985E+002	2.410000000	-9.128712E+001	2.410000000	-6.176814E-001
96	2.425000000	-2.546631E+000	2.425000000	-1.026282E+002	2.425000000	-9.142796E+001	2.425000000	-4.404287E-001
97	2.440000000	-2.619748E+000	2.440000000	-9.893451E+001	2.440000000	-8.986382E+001	2.440000000	-3.451565E-001
98	2.455000000	-3.300908E+000	2.455000000	-9.986462E+001	2.455000000	-8.926052E+001	2.455000000	-3.379706E-001
99	2.470000000	-3.567457E+000	2.470000000	-9.785427E+001	2.470000000	-9.030384E+001	2.470000000	-4.162352E-001
100	2.485000000	-3.896224E+000	2.485000000	-9.851189E+001	2.485000000	-8.953967E+001	2.485000000	-5.691946E-001
101	2.500000000	-3.722715E+000	2.500000000	-9.558745E+001	2.500000000	-9.033173E+001	2.500000000	-7.790030E-001
102	2.515000000	-3.612334E+000	2.515000000	-9.546004E+001	2.515000000	-9.259948E+001	2.515000000	-1.027136E+000
103	2.530000000	-3.460312E+000	2.530000000	-9.795129E+001	2.530000000	-9.705132E+001	2.530000000	-1.296897E+000
104	2.545000000	-3.555033E+000	2.545000000	-1.047037E+002	2.545000000	-9.681882E+001	2.545000000	-1.570890E+000
105	2.560000000	-3.947417E+000	2.560000000	-9.429389E+001	2.560000000	-9.350430E+001	2.560000000	-1.832241E+000
106	2.575000000	-4.477812E+000	2.575000000	-1.011429E+002	2.575000000	-9.361459E+001	2.575000000	-2.060507E+000
107	2.590000000	-5.326693E+000	2.590000000	-9.634217E+001	2.590000000	-9.500199E+001	2.590000000	-2.246382E+000
108	2.605000000	-6.852808E+000	2.605000000	-9.289616E+001	2.605000000	-9.647395E+001	2.605000000	-2.386869E+000
109	2.620000000	-7.876411E+000	2.620000000	-9.342857E+001	2.620000000	-9.516243E+001	2.620000000	-2.456218E+000
110	2.635000000	-9.020628E+000	2.635000000	-9.226463E+001	2.635000000	-9.548392E+001	2.635000000	-2.457898E+000
111	2.650000000	-9.423527E+000	2.650000000	-9.256624E+001	2.650000000	-9.243898E+001	2.650000000	-2.389748E+000
112	2.665000000	-9.225899E+000	2.665000000	-9.297160E+001	2.665000000	-9.811783E+001	2.665000000	-2.250638E+000
113	2.680000000	-9.073227E+000	2.680000000	-8.841370E+001	2.680000000	-9.673604E+001	2.680000000	-2.048812E+000
114	2.695000000	-9.452579E+000	2.695000000	-9.086381E+001	2.695000000	-9.102947E+001	2.695000000	-1.796470E+000
115	2.710000000	-9.894015E+000	2.710000000	-9.133114E+001	2.710000000	-8.756435E+001	2.710000000	-1.506819E+000
116	2.725000000	-1.040337E+001	2.725000000	-9.332223E+001	2.725000000	-8.534589E+001	2.725000000	-1.204641E+000
117	2.740000000	-1.029478E+001	2.740000000	-9.792479E+001	2.740000000	-8.411538E+001	2.740000000	-9.048641E-001
118	2.755000000	-8.800357E+000	2.755000000	-9.822601E+001	2.755000000	-8.348460E+001	2.755000000	-6.362280E-001
119	2.770000000	-7.505796E+000	2.770000000	-1.011785E+002	2.770000000	-8.422597E+001	2.770000000	-4.190292E-001
120	2.785000000	-6.508917E+000	2.785000000	-1.066733E+002	2.785000000	-8.500266E+001	2.785000000	-2.665283E-001
121	2.800000000	-6.106014E+000	2.800000000	-1.014337E+002	2.800000000	-8.920676E+001	2.800000000	-1.959709E-001
122	2.815000000	-5.723118E+000	2.815000000	-9.904486E+001	2.815000000	-8.881618E+001	2.815000000	-2.053315E-001
123	2.830000000	-5.039254E+000	2.830000000	-9.399004E+001	2.830000000	-8.503277E+001	2.830000000	-2.820677E-001
124	2.845000000	-4.738443E+000	2.845000000	-9.011133E+001	2.845000000	-8.522968E+001	2.845000000	-4.193414E-001
125	2.860000000	-4.471846E+000	2.860000000	-9.233870E+001	2.860000000	-8.488101E+001	2.860000000	-6.036059E-001
126	2.875000000	-4.081846E+000	2.875000000	-8.970752E+001	2.875000000	-8.616640E+001	2.875000000	-8.218355E-001
127	2.890000000	-3.735951E+000	2.890000000	-9.461349E+001	2.890000000	-9.261922E+001	2.890000000	-1.060336E+000
128	2.905000000	-3.641699E+000	2.905000000	-9.385172E+001	2.905000000	-9.236062E+001	2.905000000	-1.300263E+000
129	2.920000000	-3.000282E+000	2.920000000	-9.456923E+001	2.920000000	-9.161598E+001	2.920000000	-1.546335E+000
130	2.935000000	-2.281807E+000	2.935000000	-8.822464E+001	2.935000000	-9.632896E+001	2.935000000	-1.782733E+000
131	2.950000000	-2.131563E+000	2.950000000	-8.773678E+001	2.950000000	-1.015872E+002	2.950000000	-2.008765E+000
132	2.965000000	-2.259887E+000	2.965000000	-9.214387E+001	2.965000000	-1.014051E+002	2.965000000	-2.208404E+000
133	2.980000000	-2.494507E+000	2.980000000	-9.495907E+001	2.980000000	-9.562813E+001	2.980000000	-2.378349E+000
134	2.995000000	-2.727654E+000	2.995000000	-9.398933E+001	2.995000000	-9.286322E+001	2.995000000	-2.507375E+000
135	3.010000000	-3.068467E+000	3.010000000	-1.102623E+002	3.010000000	-9.618790E+001	3.010000000	-2.591732E+000
136	3.025000000	-3.435754E+000	3.025000000	-1.221046E+002	3.025000000	-9.622626E+001	3.025000000	-2.625949E+000
137	3.040000000	-3.359261E+000	3.040000000	-1.025692E+002	3.040000000	-9.546132E+001	3.040000000	-2.608417E+000
138	3.055000000	-3.137826E+000	3.055000000	-1.097925E+002	3.055000000	-9.651882E+001	3.055000000	-2.538407E+000
139	3.070000000	-2.804674E+000	3.070000000	-1.134112E+002	3.070000000	-9.953022E+001	3.070000000	-2.418817E+000
140	3.085000000	-2.380480E+000	3.085000000	-1.039626E+002	3.085000000	-1.027242E+002	3.085000000	-2.251334E+000
141	3.100000000	-2.026310E+000	3.100000000	-9.730432E+001	3.100000000	-9.743993E+001	3.100000000	-2.058650E+000
142	3.115000000	-1.800487E+000	3.115000000	-9.757214E+001	3.115000000	-9.542978E+001	3.115000000	-1.850523E+000
143	3.130000000	-1.730879E+000	3.130000000	-9.699930E+001	3.130000000	-9.133357E+001	3.130000000	-1.655645E+000
144	3.145000000	-1.803976E+000	3.145000000	-9.786114E+001	3.145000000	-9.084060E+001	3.145000000	-1.487671E+000
145	3.160000000	-1.910037E+000	3.160000000	-9.587857E+001	3.160000000	-9.072983E+001	3.160000000	-1.360764E+000
146	3.175000000	-2.016029E+000	3.175000000	-9.382413E+001	3.175000000	-9.167224E+001	3.175000000	-1.290843E+000
147	3.190000000	-2.095080E+000	3.190000000	-9.666589E+001	3.190000000	-9.009329E+001	3.190000000	-1.278744E+000
148	3.205000000	-2.127189E+000	3.205000000	-9.549473E+001	3.205000000	-9.168848E+001	3.205000000	-1.327266E+000
149	3.220000000	-2.092137E+000	3.220000000	-9.490752E+001	3.220000000	-9.304488E+001	3.220000000	-1.412221E+000
150	3.235000000	-1.980194E+000	3.235000000	-9.493847E+001	3.235000000	-9.379002E+001	3.235000000	-1.527861E+000
151	3.250000000	-1.967398E+000	3.250000000	-9.386437E+001	3.250000000	-9.483041E+001	3.250000000	-1.659828E+000
152	3.265000000	-1.731599E+000	3.265000000	-9.525349E+001	3.265000000	-9.485744E+001	3.265000000	-1.800366E+000
153	3.280000000	-1.571961E+000	3.280000000	-9.422218E+001	3.280000000	-9.657773E+001	3.280000000	-1.940912E+000
154	3.295000000	-1.472533E+000	3.295000000	-9.452104E+001	3.295000000	-9.536531E+001	3.295000000	-2.079791E+000
155	3.310000000	-1.462864E+000	3.310000000	-1.008405E+002	3.310000000	-1.162705E+002	3.310000000	-2.203957E+000
156	3.325000000	-1.527982E+000	3.325000000	-1.053579E+002	3.325000000	-1.143269E+002	3.325000000	-2.316144E+000
157	3.340000000	-1.689671E+000	3.340000000	-1.108958E+002	3.340000000	-1.050468E+002	3.340000000	-2.412021E+000
158	3.355000000	-1.995008E+000	3.355000000	-1.045259E+002	3.355000000	-1.012012E+002	3.355000000	-2.489309E+000
159	3.370000000	-2.163155E+000	3.370000000	-1.133367E+002	3.370000000	-1.111485E+002	3.370000000	-2.548737E+000
160	3.385000000	-2.400559E+000	3.385000000	-1.035361E+002	3.385000000	-1.041534E+002	3.385000000	-2.586441E+000
161	3.400000000	-2.466578E+000	3.400000000	-1.061248E+002	3.400000000	-1.075223E+002	3.400000000	-2.602348E+000
162	3.415000000	-2.442295E+000	3.415000000	-1.021205E+002	3.415000000	-1.065702E+002	3.415000000	-2.598667E+000
163	3.430000000	-2.150101E+000	3.430000000	-1.072243E+002	3.430000000	-1.025094E+002	3.430000000	-2.581744E+000
164	3.445000000	-1.839563E+000	3.445000000	-1.029787E+002	3.445000000	-1.090462E+002	3.445000000	-2.554107E+000
165	3.460000000	-1.499141E+000	3.460000000	-1.043925E+002	3.460000000	-1.094077E+002	3.460000000	-2.521085E+000
166	3.475000000	-1.308413E+000	3.475000000	-9.912047E+001	3.475000000	-9.858125E+001	3.475000000	-2.484409E+000
167	3.490000000	-1.260114E+000	3.490000000	-9.688016E+001	3.490000000	-9.595008E+001	3.490000000	-2.446620E+000
168	3.505000000	-1.286340E+000	3.505000000	-9.698227E+001	3.505000000	-9.951362E+001	3.505000000	-2.409457E+000
169	3.520000000	-1.439924E+000	3.520000000	-1.045039E+002	3.520000000	-1.004839E+002	3.520000000	-2.374490E+000
170	3.535000000	-1.499140E+000	3.535000000	-1.043869E+002	3.535000000	-1.048090E+002	3.535000000	-2.337541E+000
171	3.550000000	-1.649988E+000	3.550000000	-1.125529E+002	3.550000000	-1.035383E+002	3.550000000	-2.298918E+000
172	3.565000000	-1.638537E+000	3.565000000	-1.150759E+002	3.565000000	-1.071625E+002	3.565000000	-2.256164E+000
173	3.580000000	-1.764637E+000	3.580000000	-1.149047E+002	3.580000000	-1.028289E+002	3.580000000	-2.211188E+000
174	3.595000000	-1.779049E+000	3.595000000	-9.930429E+001	3.595000000	-9.832348E+001	3.595000000	-2.163473E+000
175	3.610000000	-1.606648E+000	3.610000000	-1.053678E+002	3.610000000	-9.671780E+001	3.610000000	-2.108492E+000
176	3.625000000	-1.485758E+000	3.625000000	-1.084327E+002	3.625000000	-1.005864E+002	3.625000000	-2.043706E+000
177	3.640000000	-1.323498E+000	3.640000000	-9.404916E+001	3.640000000	-9.147724E+001	3.640000000	-1.969970E+000
178	3.655000000	-1.186331E+000	3.655000000	-9.043282E+001	3.655000000	-9.295265E+001	3.655000000	-1.888844E+000
179	3.670000000	-1.091865E+000	3.670000000	-9.483133E+001	3.670000000	-9.797157E+001	3.670000000	-1.806460E+000
180	3.685000000	-1.153712E+000	3.685000000	-9.538532E+001	3.685000000	-1.190704E+002	3.685000000	-1.727710E+000
181	3.700000000	-1.302226E+000	3.700000000	-9.446366E+001	3.700000000	-1.192748E+002	3.700000000	-1.656833E+000
182	3.715000000	-1.525968E+000	3.715000000	-9.507077E+001	3.715000000	-1.003558E+002	3.715000000	-1.602170E+000
183	3.730000000	-1.793028E+000	3.730000000	-9.638256E+001	3.730000000	-9.691734E+001	3.730000000	-1.571060E+000
184	3.745000000	-2.057343E+000	3.745000000	-9.055632E+001	3.745000000	-9.907614E+001	3.745000000	-1.574218E+000
185	3.760000000	-2.369334E+000	3.760000000	-8.942199E+001	3.760000000	-1.045813E+002	3.760000000	-1.616052E+000
186	3.775000000	-2.153291E+000	3.775000000	-9.001664E+001	3.775000000	-9.785755E+001	3.775000000	-1.701622E+000
187	3.790000000	-1.914762E+000	3.790000000	-9.688240E+001	3.790000000	-9.471104E+001	3.790000000	-1.829123E+000
188	3.805000000	-1.690120E+000	3.805000000	-9.542067E+001	3.805000000	-9.744720E+001	3.805000000	-2.004189E+000
189	3.820000000	-1.335740E+000	3.820000000	-9.546896E+001	3.820000000	-1.050513E+002	3.820000000	-2.216772E+000
190	3.835000000	-1.093902E+000	3.835000000	-1.094954E+002	3.835000000	-9.908318E+001	3.835000000	-2.460922E+000
191	3.850000000	-1.110368E+000	3.850000000	-9.813850E+001	3.850000000	-1.045716E+002	3.850000000	-2.719379E+000
192	3.865000000	-1.200639E+000	3.865000000	-9.790427E+001	3.865000000	-1.001190E+002	3.865000000	-2.968185E+000
193	3.880000000	-1.348895E+000	3.880000000	-9.342822E+001	3.880000000	-9.810962E+001	3.880000000	-3.188583E+000
194	3.895000000	-1.594113E+000	3.895000000	-9.560204E+001	3.895000000	-9.919977E+001	3.895000000	-3.363491E+000
195	3.910000000	-1.787835E+000	3.910000000	-9.381405E+001	3.910000000	-9.987073E+001	3.910000000	-3.482447E+000
196	3.925000000	-1.953509E+000	3.925000000	-9.376236E+001	3.925000000	-9.704402E+001	3.925000000	-3.536482E+000
197	3.940000000	-1.917664E+000	3.940000000	-9.141305E+001	3.940000000	-9.503467E+001	3.940000000	-3.520839E+000
198	3.955000000	-1.885067E+000	3.955000000	-9.155553E+001	3.955000000	-9.424445E+001	3.955000000	-3.438628E+000
199	3.970000000	-1.618282E+000	3.970000000	-9.146815E+001	3.970000000	-9.418885E+001	3.970000000	-3.293937E+000
200	3.985000000	-1.349226E+000	3.985000000	-9.422490E+001	3.985000000	-9.543411E+001	3.985000000	-3.098646E+000
201	4.000000000	-1.160709E+000	4.000000000	-9.819962E+001	4.000000000	-9.599686E+001	4.000000000	-2.856364E+000
202	4.015000000	-1.069302E+000	4.015000000	-9.709144E+001	4.015000000	-9.925376E+001	4.015000000	-2.589051E+000
203	4.030000000	-1.014930E+000	4.030000000	-1.002570E+002	4.030000000	-9.826259E+001	4.030000000	-2.299110E+000
204	4.045000000	-1.011238E+000	4.045000000	-9.904511E+001	4.045000000	-1.069582E+002	4.045000000	-2.003582E+000
205	4.060000000	-1.044644E+000	4.060000000	-9.527577E+001	4.060000000	-1.017017E+002	4.060000000	-1.715884E+000
206	4.075000000	-1.124605E+000	4.075000000	-9.513699E+001	4.075000000	-1.094599E+002	4.075000000	-1.458004E+000
207	4.090000000	-1.217393E+000	4.090000000	-9.396680E+001	4.090000000	-1.049405E+002	4.090000000	-1.251550E+000
208	4.105000000	-1.285853E+000	4.105000000	-1.001555E+002	4.105000000	-1.046167E+002	4.105000000	-1.127743E+000
209	4.120000000	-1.291637E+000	4.120000000	-9.848946E+001	4.120000000	-1.012218E+002	4.120000000	-1.095418E+000
210	4.135000000	-1.389990E+000	4.135000000	-9.873714E+001	4.135000000	-1.045642E+002	4.135000000	-1.185529E+000
211	4.150000000	-1.177338E+000	4.150000000	-9.882169E+001	4.150000000	-1.161887E+002	4.150000000	-1.406499E+000
212	4.165000000	-1.136873E+000	4.165000000	-9.745918E+001	4.165000000	-1.103660E+002	4.165000000	-1.756279E+000
213	4.180000000	-9.093176E-001	4.180000000	-1.036846E+002	4.180000000	-1.057104E+002	4.180000000	-2.218562E+000
214	4.195000000	-8.204923E-001	4.195000000	-1.067286E+002	4.195000000	-9.766564E+001	4.195000000	-2.762044E+000
215	4.210000000	-7.154277E-001	4.210000000	-1.034106E+002	4.210000000	-1.106646E+002	4.210000000	-3.353234E+000
216	4.225000000	-7.167638E-001	4.225000000	-1.008243E+002	4.225000000	-1.036181E+002	4.225000000	-3.949224E+000
217	4.240000000	-7.897533E-001	4.240000000	-1.020832E+002	4.240000000	-1.080034E+002	4.240000000	-4.512736E+000
218	4.255000000	-9.176707E-001	4.255000000	-9.969186E+001	4.255000000	-1.057401E+002	4.255000000	-4.999799E+000
219	4.270000000	-1.119017E+000	4.270000000	-1.035655E+002	4.270000000	-1.110074E+002	4.270000000	-5.373492E+000
220	4.285000000	-1.280464E+000	4.285000000	-1.042305E+002	4.285000000	-1.231690E+002	4.285000000	-5.606381E+000
221	4.300000000	-1.356158E+000	4.300000000	-1.062782E+002	4.300000000	-1.064783E+002	4.300000000	-5.679739E+000
222	4.315000000	-1.477495E+000	4.315000000	-1.022226E+002	4.315000000	-1.008428E+002	4.315000000	-5.595243E+000
223	4.330000000	-1.431918E+000	4.330000000	-1.008631E+002	4.330000000	-1.012392E+002	4.330000000	-5.359797E+000
224	4.345000000	-1.359246E+000	4.345000000	-9.884186E+001	4.345000000	-1.010663E+002	4.345000000	-4.998018E+000
225	4.360000000	-1.221833E+000	4.360000000	-9.669227E+001	4.360000000	-1.112544E+002	4.360000000	-4.534586E+000
226	4.375000000	-1.182236E+000	4.375000000	-9.761929E+001	4.375000000	-1.005645E+002	4.375000000	-3.998115E+000
227	4.390000000	-1.136652E+000	4.390000000	-9.562016E+001	4.390000000	-9.485123E+001	4.390000000	-3.425221E+000
228	4.405000000	-1.261176E+000	4.405000000	-1.082300E+002	4.405000000	-9.160679E+001	4.405000000	-2.819125E+000
229	4.420000000	-1.342344E+000	4.420000000	-9.716286E+001	4.420000000	-8.996060E+001	4.420000000	-2.282440E+000
230	4.435000000	-1.497206E+000	4.435000000	-9.292505E+001	4.435000000	-9.116035E+001	4.435000000	-1.822461E+000
231	4.450000000	-1.604840E+000	4.450000000	-9.282011E+001	4.450000000	-9.296905E+001	4.450000000	-1.485759E+000
232	4.465000000	-1.842089E+000	4.465000000	-9.001166E+001	4.465000000	-9.242612E+001	4.465000000	-1.314750E+000
233	4.480000000	-1.976294E+000	4.480000000	-8.800409E+001	4.480000000	-1.065541E+002	4.480000000	-1.321165E+000
234	4.495000000	-1.963722E+000	4.495000000	-8.740993E+001	4.495000000	-9.879347E+001	4.495000000	-1.508220E+000
235	4.510000000	-2.024555E+000	4.510000000	-8.517305E+001	4.510000000	-9.282361E+001	4.510000000	-1.851981E+000
236	4.525000000	-1.967764E+000	4.525000000	-8.536312E+001	4.525000000	-8.783451E+001	4.525000000	-2.311039E+000
237	4.540000000	-2.029044E+000	4.540000000	-8.570908E+001	4.540000000	-8.987022E+001	4.540000000	-2.846052E+000
238	4.555000000	-1.921013E+000	4.555000000	-8.633986E+001	4.555000000	-8.650951E+001	4.555000000	-3.414111E+000
239	4.570000000	-1.861081E+000	4.570000000	-8.916846E+001	4.570000000	-8.883758E+001	4.570000000	-3.987101E+000
240	4.585000000	-1.853211E+000	4.585000000	-1.018556E+002	4.585000000	-9.778320E+001	4.585000000	-4.537657E+000
241	4.600000000	-1.865322E+000	4.600000000	-1.008807E+002	4.600000000	-1.018827E+002	4.600000000	-5.036965E+000
242	4.615000000	-1.975974E+000	4.615000000	-9.413490E+001	4.615000000	-9.840720E+001	4.615000000	-5.489039E+000
243	4.630000000	-2.161670E+000	4.630000000	-9.270751E+001	4.630000000	-1.194453E+002	4.630000000	-5.833821E+000
244	4.645000000	-2.318291E+000	4.645000000	-9.550227E+001	4.645000000	-1.047369E+002	4.645000000	-6.067543E+000
245	4.660000000	-2.525977E+000	4.660000000	-9.362646E+001	4.660000000	-1.026742E+002	4.660000000	-6.186324E+000
246	4.675000000	-2.751425E+000	4.675000000	-9.168790E+001	4.675000000	-1.046807E+002	4.675000000	-6.174715E+000
247	4.690000000	-2.838996E+000	4.690000000	-9.576485E+001	4.690000000	-1.045331E+002	4.690000000	-6.027735E+000
248	4.705000000	-2.826943E+000	4.705000000	-9.753361E+001	4.705000000	-1.078685E+002	4.705000000	-5.754039E+000
249	4.720000000	-2.683607E+000	4.720000000	-9.470694E+001	4.720000000	-1.039861E+002	4.720000000	-5.358218E+000
250	4.735000000	-2.505469E+000	4.735000000	-9.197076E+001	4.735000000	-9.363414E+001	4.735000000	-4.860994E+000
251	4.750000000	-2.324857E+000	4.750000000	-9.027474E+001	4.750000000	-8.891875E+001	4.750000000	-4.285186E+000
252	4.765000000	-2.289472E+000	4.765000000	-9.113448E+001	4.765000000	-8.984588E+001	4.765000000	-3.662275E+000
253	4.780000000	-2.336247E+000	4.780000000	-9.411976E+001	4.780000000	-9.025837E+001	4.780000000	-3.024508E+000
254	4.795000000	-2.417183E+000	4.795000000	-8.968288E+001	4.795000000	-9.010455E+001	4.795000000	-2.413481E+000
255	4.810000000	-2.625071E+000	4.810000000	-9.163433E+001	4.810000000	-9.241750E+001	4.810000000	-1.891164E+000
256	4.825000000	-2.738118E+000	4.825000000	-9.365142E+001	4.825000000	-9.704556E+001	4.825000000	-1.487903E+000
257	4.840000000	-2.949835E+000	4.840000000	-9.410728E+001	4.840000000	-9.788116E+001	4.840000000	-1.259646E+000
258	4.855000000	-3.111999E+000	4.855000000	-9.484261E+001	4.855000000	-9.929376E+001	4.855000000	-1.224971E+000
259	4.870000000	-3.267319E+000	4.870000000	-9.796100E+001	4.870000000	-9.814252E+001	4.870000000	-1.380721E+000
260	4.885000000	-3.345049E+000	4.885000000	-9.937416E+001	4.885000000	-9.258952E+001	4.885000000	-1.698607E+000
261	4.900000000	-3.310083E+000	4.900000000	-9.265293E+001	4.900000000	-9.017585E+001	4.900000000	-2.139545E+000
262	4.915000000	-3.249518E+000	4.915000000	-9.246868E+001	4.915000000	-8.735789E+001	4.915000000	-2.661668E+000
263	4.930000000	-3.203014E+000	4.930000000	-8.771373E+001	4.930000000	-8.531737E+001	4.930000000	-3.224818E+000
264	4.945000000	-3.144474E+000	4.945000000	-9.157303E+001	4.945000000	-8.659321E+001	4.945000000	-3.800025E+000
265	4.960000000	-3.161979E+000	4.960000000	-9.556725E+001	4.960000000	-8.884345E+001	4.960000000	-4.364091E+000
266	4.975000000	-3.321451E+000	4.975000000	-1.035014E+002	4.975000000	-9.161707E+001	4.975000000	-4.902212E+000
267	4.990000000	-3.459445E+000	4.990000000	-1.026265E+002	4.990000000	-8.989468E+001	4.990000000	-5.392142E+000
268	5.005000000	-3.911915E+000	5.005000000	-9.846376E+001	5.005000000	-9.013332E+001	5.005000000	-5.821783E+000
269	5.020000000	-4.324851E+000	5.020000000	-1.103405E+002	5.020000000	-9.147385E+001	5.020000000	-6.176803E+000
270	5.035000000	-4.701861E+000	5.035000000	-1.048356E+002	5.035000000	-8.826904E+001	5.035000000	-6.432912E+000
271	5.050000000	-5.059465E+000	5.050000000	-1.040813E+002	5.050000000	-8.917321E+001	5.050000000	-6.575465E+000
272	5.065000000	-5.256939E+000	5.065000000	-1.053147E+002	5.065000000	-8.967686E+001	5.065000000	-6.585433E+000
273	5.080000000	-5.332741E+000	5.080000000	-1.011401E+002	5.080000000	-9.005557E+001	5.080000000	-6.454256E+000
274	5.095000000	-5.322933E+000	5.095000000	-9.491373E+001	5.095000000	-8.714252E+001	5.095000000	-6.187387E+000
275	5.110000000	-5.431772E+000	5.110000000	-9.445960E+001	5.110000000	-8.459808E+001	5.110000000	-5.794823E+000
276	5.125000000	-5.741944E+000	5.125000000	-9.219751E+001	5.125000000	-8.523972E+001	5.125000000	-5.302284E+000
277	5.140000000	-6.400430E+000	5.140000000	-9.621754E+001	5.140000000	-8.604186E+001	5.140000000	-4.755159E+000
278	5.155000000	-7.431592E+000	5.155000000	-9.503683E+001	5.155000000	-8.571173E+001	5.155000000	-4.199400E+000
279	5.170000000	-9.052233E+000	5.170000000	-9.643521E+001	5.170000000	-8.626519E+001	5.170000000	-3.693495E+000
280	5.185000000	-1.132553E+001	5.185000000	-9.593935E+001	5.185000000	-8.613262E+001	5.185000000	-3.274867E+000
281	5.200000000	-1.439986E+001	5.200000000	-1.089133E+002	5.200000000	-8.520629E+001	5.200000000	-2.984791E+000
282	5.215000000	-1.713622E+001	5.215000000	-1.046545E+002	5.215000000	-8.565131E+001	5.215000000	-2.841249E+000
283	5.230000000	-1.864348E+001	5.230000000	-9.754594E+001	5.230000000	-8.577255E+001	5.230000000	-2.844387E+000
284	5.245000000	-1.904577E+001	5.245000000	-9.193226E+001	5.245000000	-8.562860E+001	5.245000000	-2.967599E+000
285	5.260000000	-2.015166E+001	5.260000000	-8.985025E+001	5.260000000	-8.361198E+001	5.260000000	-3.185987E+000
286	5.275000000	-2.208912E+001	5.275000000	-8.692681E+001	5.275000000	-8.626480E+001	5.275000000	-3.470746E+000
287	5.290000000	-2.075585E+001	5.290000000	-8.511024E+001	5.290000000	-8.728751E+001	5.290000000	-3.795816E+000
288	5.305000000	-1.691215E+001	5.305000000	-8.645274E+001	5.305000000	-8.884042E+001	5.305000000	-4.143994E+000
289	5.320000000	-1.413179E+001	5.320000000	-8.391306E+001	5.320000000	-9.078968E+001	5.320000000	-4.496882E+000
290	5.335000000	-1.243023E+001	5.335000000	-8.342948E+001	5.335000000	-9.568664E+001	5.335000000	-4.840992E+000
291	5.350000000	-1.151823E+001	5.350000000	-8.636867E+001	5.350000000	-9.464354E+001	5.350000000	-5.164251E+000
292	5.365000000	-1.119257E+001	5.365000000	-8.834908E+001	5.365000000	-9.150727E+001	5.365000000	-5.459455E+000
293	5.380000000	-1.149050E+001	5.380000000	-9.142644E+001	5.380000000	-8.697674E+001	5.380000000	-5.711911E+000
294	5.395000000	-1.202249E+001	5.395000000	-8.910819E+001	5.395000000	-8.288276E+001	5.395000000	-5.914099E+000
295	5.410000000	-1.257514E+001	5.410000000	-8.712440E+001	5.410000000	-8.202404E+001	5.410000000	-6.054366E+000
296	5.425000000	-1.312552E+001	5.425000000	-8.637140E+001	5.425000000	-8.167569E+001	5.425000000	-6.121511E+000
297	5.440000000	-1.330785E+001	5.440000000	-8.715351E+001	5.440000000	-8.176552E+001	5.440000000	-6.104119E+000
298	5.455000000	-1.297875E+001	5.455000000	-8.594212E+001	5.455000000	-8.150409E+001	5.455000000	-5.998043E+000
299	5.470000000	-1.205360E+001	5.470000000	-8.361536E+001	5.470000000	-8.190546E+001	5.470000000	-5.808217E+000
300	5.485000000	-1.087626E+001	5.485000000	-8.076713E+001	5.485000000	-8.091762E+001	5.485000000	-5.541021E+000
301	5.500000000	-9.449634E+000	5.500000000	-7.888347E+001	5.500000000	-8.286350E+001	5.500000000	-5.219630E+000
302	5.515000000	-8.377441E+000	5.515000000	-7.551896E+001	5.515000000	-8.069729E+001	5.515000000	-4.886836E+000
303	5.530000000	-7.516442E+000	5.530000000	-7.556898E+001	5.530000000	-7.770842E+001	5.530000000	-4.551077E+000
304	5.545000000	-6.931759E+000	5.545000000	-7.744598E+001	5.545000000	-7.704121E+001	5.545000000	-4.253944E+000
305	5.560000000	-6.624385E+000	5.560000000	-7.701913E+001	5.560000000	-7.605798E+001	5.560000000	-4.016204E+000
306	5.575000000	-6.605175E+000	5.575000000	-7.724684E+001	5.575000000	-7.546296E+001	5.575000000	-3.861230E+000
307	5.590000000	-6.635798E+000	5.590000000	-7.468977E+001	5.590000000	-7.381502E+001	5.590000000	-3.788321E+000
308	5.605000000	-6.799456E+000	5.605000000	-7.392360E+001	5.605000000	-7.400235E+001	5.605000000	-3.783376E+000
309	5.620000000	-6.908989E+000	5.620000000	-7.265401E+001	5.620000000	-7.304864E+001	5.620000000	-3.845432E+000
310	5.635000000	-6.797304E+000	5.635000000	-6.969228E+001	5.635000000	-7.105271E+001	5.635000000	-3.941123E+000
311	5.650000000	-6.459651E+000	5.650000000	-6.726035E+001	5.650000000	-6.853772E+001	5.650000000	-4.034919E+000
312	5.665000000	-6.032486E+000	5.665000000	-6.619250E+001	5.665000000	-6.687680E+001	5.665000000	-4.095564E+000
313	5.680000000	-5.757403E+000	5.680000000	-6.662849E+001	5.680000000	-6.708115E+001	5.680000000	-4.117158E+000
314	5.695000000	-5.599880E+000	5.695000000	-7.055821E+001	5.695000000	-7.076709E+001	5.695000000	-4.123461E+000
315	5.710000000	-5.602437E+000	5.710000000	-7.406780E+001	5.710000000	-7.508086E+001	5.710000000	-4.135300E+000
316	5.725000000	-5.816609E+000	5.725000000	-7.653525E+001	5.725000000	-7.885298E+001	5.725000000	-4.167159E+000
317	5.740000000	-6.067137E+000	5.740000000	-7.989021E+001	5.740000000	-8.471945E+001	5.740000000	-4.221693E+000
318	5.755000000	-6.431714E+000	5.755000000	-7.934255E+001	5.755000000	-8.643341E+001	5.755000000	-4.298447E+000
319	5.770000000	-6.677477E+000	5.770000000	-7.915225E+001	5.770000000	-8.543365E+001	5.770000000	-4.392226E+000
320	5.785000000	-6.727601E+000	5.785000000	-7.993018E+001	5.785000000	-8.305980E+001	5.785000000	-4.500386E+000
321	5.800000000	-6.459071E+000	5.800000000	-7.733039E+001	5.800000000	-7.905974E+001	5.800000000	-4.628820E+000
322	5.815000000	-6.160012E+000	5.815000000	-7.418974E+001	5.815000000	-7.520025E+001	5.815000000	-4.767409E+000
323	5.830000000	-5.793293E+000	5.830000000	-7.470068E+001	5.830000000	-7.470775E+001	5.830000000	-4.910115E+000
324	5.845000000	-5.568555E+000	5.845000000	-7.832883E+001	5.845000000	-7.768790E+001	5.845000000	-5.045888E+000
325	5.860000000	-5.556875E+000	5.860000000	-8.155837E+001	5.860000000	-8.142689E+001	5.860000000	-5.170312E+000
326	5.875000000	-5.563006E+000	5.875000000	-8.303772E+001	5.875000000	-8.373074E+001	5.875000000	-5.270314E+000
327	5.890000000	-5.779625E+000	5.890000000	-8.441879E+001	5.890000000	-8.688630E+001	5.890000000	-5.331169E+000
328	5.905000000	-6.121829E+000	5.905000000	-8.487425E+001	5.905000000	-8.569306E+001	5.905000000	-5.354672E+000
329	5.920000000	-6.444974E+000	5.920000000	-8.397025E+001	5.920000000	-8.395889E+001	5.920000000	-5.337708E+000
330	5.935000000	-6.515027E+000	5.935000000	-8.228214E+001	5.935000000	-8.542205E+001	5.935000000	-5.284204E+000
331	5.950000000	-6.378742E+000	5.950000000	-8.250787E+001	5.950000000	-8.760339E+001	5.950000000	-5.199530E+000
332	5.965000000	-6.005391E+000	5.965000000	-8.145819E+001	5.965000000	-8.502165E+001	5.965000000	-5.098092E+000
333	5.980000000	-5.605784E+000	5.980000000	-8.537209E+001	5.980000000	-8.503136E+001	5.980000000	-4.976944E+000
334	5.995000000	-5.365356E+000	5.995000000	-8.902141E+001	5.995000000	-8.453302E+001	5.995000000	-4.848694E+000
335	6.010000000	-5.249589E+000	6.010000000	-9.133934E+001	6.010000000	-8.386293E+001	6.010000000	-4.711466E+000
336	6.025000000	-5.371899E+000	6.025000000	-9.087914E+001	6.025000000	-8.364320E+001	6.025000000	-4.572240E+000
337	6.040000000	-5.686896E+000	6.040000000	-9.367889E+001	6.040000000	-8.673906E+001	6.040000000	-4.433540E+000
338	6.055000000	-6.240971E+000	6.055000000	-9.130634E+001	6.055000000	-8.957351E+001	6.055000000	-4.302536E+000
339	6.070000000	-6.589181E+000	6.070000000	-9.336341E+001	6.070000000	-9.143063E+001	6.070000000	-4.186319E+000
340	6.085000000	-6.704502E+000	6.085000000	-9.422971E+001	6.085000000	-9.494880E+001	6.085000000	-4.096610E+000
341	6.100000000	-6.510279E+000	6.100000000	-9.481010E+001	6.100000000	-1.089588E+002	6.100000000	-4.039057E+000
342	6.115000000	-6.277847E+000	6.115000000	-9.545318E+001	6.115000000	-1.118210E+002	6.115000000	-4.024387E+000
343	6.130000000	-6.088660E+000	6.130000000	-1.042654E+002	6.130000000	-1.074622E+002	6.130000000	-4.067711E+000
344	6.145000000	-5.991263E+000	6.145000000	-9.994030E+001	6.145000000	-9.976296E+001	6.145000000	-4.182639E+000
345	6.160000000	-6.123083E+000	6.160000000	-1.034097E+002	6.160000000	-1.012920E+002	6.160000000	-4.371927E+000
346	6.175000000	-6.372562E+000	6.175000000	-1.048563E+002	6.175000000	-9.811310E+001	6.175000000	-4.638298E+000
347	6.190000000	-6.817842E+000	6.190000000	-9.995256E+001	6.190000000	-9.127946E+001	6.190000000	-4.979633E+000
348	6.205000000	-7.386189E+000	6.205000000	-9.862366E+001	6.205000000	-8.900613E+001	6.205000000	-5.366621E+000
349	6.220000000	-7.897161E+000	6.220000000	-9.904312E+001	6.220000000	-8.955321E+001	6.220000000	-5.776560E+000
350	6.235000000	-8.176617E+000	6.235000000	-8.893927E+001	6.235000000	-8.825776E+001	6.235000000	-6.178213E+000
351	6.250000000	-8.287074E+000	6.250000000	-8.860099E+001	6.250000000	-8.914368E+001	6.250000000	-6.532428E+000
352	6.265000000	-8.147129E+000	6.265000000	-8.917043E+001	6.265000000	-9.193518E+001	6.265000000	-6.814445E+000
353	6.280000000	-8.026074E+000	6.280000000	-8.937785E+001	6.280000000	-9.667480E+001	6.280000000	-7.002269E+000
354	6.295000000	-7.998279E+000	6.295000000	-9.443702E+001	6.295000000	-1.044258E+002	6.295000000	-7.087264E+000
355	6.310000000	-8.226787E+000	6.310000000	-9.995271E+001	6.310000000	-9.680100E+001	6.310000000	-7.079813E+000
356	6.325000000	-8.793119E+000	6.325000000	-1.040105E+002	6.325000000	-9.472790E+001	6.325000000	-6.970766E+000
357	6.340000000	-9.702092E+000	6.340000000	-9.817677E+001	6.340000000	-9.103667E+001	6.340000000	-6.788093E+000
358	6.355000000	-1.071061E+001	6.355000000	-9.787956E+001	6.355000000	-9.186810E+001	6.355000000	-6.541452E+000
359	6.370000000	-1.156926E+001	6.370000000	-9.631882E+001	6.370000000	-9.803305E+001	6.370000000	-6.244655E+000
360	6.385000000	-1.196989E+001	6.385000000	-9.461777E+001	6.385000000	-1.102987E+002	6.385000000	-5.909641E+000
361	6.400000000	-1.175284E+001	6.400000000	-1.003246E+002	6.400000000	-1.008893E+002	6.400000000	-5.546153E+000
362	6.415000000	-1.120727E+001	6.415000000	-9.194668E+001	6.415000000	-9.780849E+001	6.415000000	-5.161011E+000
363	6.430000000	-1.075585E+001	6.430000000	-9.298901E+001	6.430000000	-1.017095E+002	6.430000000	-4.772110E+000
364	6.445000000	-1.041018E+001	6.445000000	-9.642208E+001	6.445000000	-1.028524E+002	6.445000000	-4.381616E+000
365	6.460000000	-1.023754E+001	6.460000000	-9.674506E+001	6.460000000	-9.538017E+001	6.460000000	-4.011099E+000
366	6.475000000	-1.015393E+001	6.475000000	-1.008478E+002	6.475000000	-9.236621E+001	6.475000000	-3.677914E+000
367	6.490000000	-1.013271E+001	6.490000000	-1.011932E+002	6.490000000	-9.129288E+001	6.490000000	-3.412354E+000
368	6.505000000	-9.828293E+000	6.505000000	-1.108363E+002	6.505000000	-8.903552E+001	6.505000000	-3.248633E+000
369	6.520000000	-9.198312E+000	6.520000000	-1.088730E+002	6.520000000	-8.810909E+001	6.520000000	-3.214880E+000
370	6.535000000	-8.332797E+000	6.535000000	-1.141511E+002	6.535000000	-8.783769E+001	6.535000000	-3.354353E+000
371	6.550000000	-7.587901E+000	6.550000000	-9.562755E+001	6.550000000	-8.979194E+001	6.550000000	-3.674304E+000
372	6.565000000	-6.882888E+000	6.565000000	-9.511948E+001	6.565000000	-8.820087E+001	6.565000000	-4.173924E+000
373	6.580000000	-6.436848E+000	6.580000000	-9.537164E+001	6.580000000	-8.991982E+001	6.580000000	-4.815280E+000
374	6.595000000	-6.076855E+000	6.595000000	-9.334653E+001	6.595000000	-8.964864E+001	6.595000000	-5.547220E+000
375	6.610000000	-5.928075E+000	6.610000000	-9.587826E+001	6.610000000	-8.761855E+001	6.610000000	-6.293054E+000
376	6.625000000	-5.840180E+000	6.625000000	-9.919025E+001	6.625000000	-8.873890E+001	6.625000000	-6.992538E+000
377	6.640000000	-5.835724E+000	6.640000000	-9.990062E+001	6.640000000	-9.031821E+001	6.640000000	-7.577603E+000
378	6.655000000	-5.716746E+000	6.655000000	-1.080336E+002	6.655000000	-8.914195E+001	6.655000000	-7.989709E+000
379	6.670000000	-5.495228E+000	6.670000000	-1.058234E+002	6.670000000	-9.082841E+001	6.670000000	-8.202444E+000
380	6.685000000	-5.200551E+000	6.685000000	-1.036272E+002	6.685000000	-9.122756E+001	6.685000000	-8.217596E+000
381	6.700000000	-4.795868E+000	6.700000000	-9.972271E+001	6.700000000	-9.713845E+001	6.700000000	-8.060627E+000
382	6.715000000	-4.498412E+000	6.715000000	-9.279581E+001	6.715000000	-9.212985E+001	6.715000000	-7.772250E+000
383	6.730000000	-4.207557E+000	6.730000000	-1.010503E+002	6.730000000	-9.282756E+001	6.730000000	-7.384543E+000
384	6.745000000	-3.921121E+000	6.745000000	-1.007542E+002	6.745000000	-9.053723E+001	6.745000000	-6.942108E+000
385	6.760000000	-3.770951E+000	6.760000000	-1.077301E+002	6.760000000	-9.008857E+001	6.760000000	-6.478111E+000
386	6.775000000	-3.752040E+000	6.775000000	-1.165349E+002	6.775000000	-8.942605E+001	6.775000000	-6.025603E+000
387	6.790000000	-3.830403E+000	6.790000000	-1.001907E+002	6.790000000	-8.819922E+001	6.790000000	-5.612617E+000
388	6.805000000	-3.946383E+000	6.805000000	-9.496275E+001	6.805000000	-8.636339E+001	6.805000000	-5.258900E+000
389	6.820000000	-4.031498E+000	6.820000000	-9.366929E+001	6.820000000	-8.628312E+001	6.820000000	-4.991438E+000
390	6.835000000	-4.009027E+000	6.835000000	-9.459130E+001	6.835000000	-8.685152E+001	6.835000000	-4.836402E+000
391	6.850000000	-3.881475E+000	6.850000000	-9.458587E+001	6.850000000	-8.570898E+001	6.850000000	-4.804386E+000
392	6.865000000	-3.630426E+000	6.865000000	-8.986884E+001	6.865000000	-8.389198E+001	6.865000000	-4.897990E+000
393	6.880000000	-3.292724E+000	6.880000000	-9.122392E+001	6.880000000	-8.477963E+001	6.880000000	-5.131731E+000
394	6.895000000	-3.041125E+000	6.895000000	-8.920605E+001	6.895000000	-8.979361E+001	6.895000000	-5.496854E+000
395	6.910000000	-2.824775E+000	6.910000000	-9.237877E+001	6.910000000	-9.209050E+001	6.910000000	-5.977935E+000
396	6.925000000	-2.759498E+000	6.925000000	-9.243298E+001	6.925000000	-9.212402E+001	6.925000000	-6.552372E+000
397	6.940000000	-2.759264E+000	6.940000000	-8.956611E+001	6.940000000	-9.424355E+001	6.940000000	-7.186428E+000
398	6.955000000	-2.933266E+000	6.955000000	-9.036037E+001	6.955000000	-9.193826E+001	6.955000000	-7.856809E+000
399	6.970000000	-3.122776E+000	6.970000000	-9.255273E+001	6.970000000	-9.158257E+001	6.970000000	-8.545519E+000
400	6.985000000	-3.241988E+000	6.985000000	-9.898305E+001	6.985000000	-9.500191E+001	6.985000000	-9.224651E+000
401	7.000000000	-3.276937E+000	7.000000000	-9.318298E+001	7.000000000	-9.525916E+001	7.000000000	-9.854867E+000
